Barcode Index 	 selection coefficient mean (1/cycle) 	 selection coefficient std 	 collect time (cycle)	 counts 
1	0.6097367114946665	0.007239943065610895	18.0	7.0
2	0.6989404429046276	0.010440659960333137	18.0	7.0
4	0.7396501347984676	0.005464678390782359	18.0	7.0
14	0.5484692229537969	0.00875421939362833	18.0	7.0
17	0.5284946625029274	0.007454980379576697	18.0	7.0
18	0.48509576624484774	0.02866752635596671	18.0	6.0
19	0.5803507308154195	0.021172907547121256	18.0	5.0
22	0.6700542217963353	0.0062195099365554875	18.0	7.0
23	0.672901299656681	0.007793093005613056	18.0	7.0
48	0.5700451655107126	0.006479064064163299	18.0	7.0
54	0.4672036540015439	0.049758554955618456	16.0	4.0
58	0.6970137905172418	0.014679309370067155	18.0	7.0
60	0.6526150625442607	0.006229329122564799	18.0	7.0
63	0.39353736945093276	0.03750172061061353	10.0	5.0
66	0.5750345040746169	0.011450880807430749	18.0	7.0
69	0.5662732344587269	0.01166177198523058	18.0	7.0
71	0.8781980097905097	0.004360986703923494	18.0	7.0
77	0.6133246230915245	0.016977176112039954	18.0	7.0
84	0.479540270696644	0.01657199570847614	18.0	7.0
85	0.7736177764462578	0.0031744328140678436	18.0	7.0
88	0.825828136819993	0.004366651705881529	18.0	7.0
89	0.6904817261134505	0.015120942813716115	18.0	7.0
90	0.42768550351665924	0.013724997327278778	18.0	7.0
92	0.5985832938249801	0.0843920396039462	18.0	4.0
101	0.418476159155208	0.010914096802028362	18.0	7.0
106	0.4518446717929175	0.02269454664589555	18.0	6.0
107	0.7522820701890367	0.005176344008690846	18.0	7.0
109	0.5942381295038931	0.02202973575603119	18.0	6.0
112	0.6537042830987834	0.006004427616469141	18.0	7.0
115	0.7540778025671201	0.00568859315282685	18.0	7.0
117	0.5848852176362754	0.006689142336708197	18.0	7.0
121	0.5963445456125055	0.010972226363910612	18.0	7.0
126	0.6621498374345305	0.007079889739300224	18.0	7.0
133	0.5489186716497597	0.011108911176875126	18.0	7.0
135	0.5107117887924646	0.021155162062134032	18.0	7.0
136	0.36668909465946836	0.056133321837821736	12.0	4.0
139	0.7468686671410413	0.0068706887243278674	18.0	7.0
140	0.40785982035171203	0.019836849047488555	18.0	6.0
141	0.6293341682783395	0.0068732075224519976	18.0	7.0
142	0.4888428316176451	0.027493936008532952	18.0	6.0
152	0.78023874799354	0.006079326234653703	18.0	7.0
155	0.45263200995872166	0.015681785366528114	18.0	7.0
177	0.5250895292757292	0.02003435664073168	18.0	6.0
180	0.693365541960589	0.00940397719893796	18.0	7.0
182	0.7356594697533774	0.004361248040096381	18.0	7.0
186	0.4421796457273521	0.016266266614122112	18.0	7.0
189	0.7252757242888423	0.005421110135718591	18.0	7.0
198	0.6583205068913895	0.008863017905347007	18.0	7.0
199	0.46947841998682455	0.04020174657806317	18.0	6.0
202	0.6417053813424629	0.007669200735876838	18.0	7.0
0	0.3261682354825941	0.03690936977094025	18.0	5.0
3	0.5854961056492543	0.019849902818690198	18.0	6.0
5	0.42252662330181584	0.052138455716833794	18.0	5.0
8	0.5314874110011033	0.021133700564280475	18.0	6.0
9	0.36239613665411097	0.034907284328570834	16.0	4.0
16	0.46876507423864516	0.03368740016220419	18.0	5.0
20	0.4512622769491472	0.03141782842962198	18.0	6.0
24	0.48962242149491286	0.02872161696468243	18.0	6.0
26	0.4021791425922696	0.05412597366215791	14.0	4.0
27	0.5353535361288719	0.027325160725246753	18.0	6.0
28	0.43452411194058405	0.035363427090662314	18.0	5.0
29	0.4392856535000625	0.028620090630279708	18.0	5.0
33	0.6515960156241792	0.02470355630772185	18.0	6.0
43	0.5762011707900382	0.027760277826747084	18.0	6.0
46	0.40244088188029564	0.058507780186870556	18.0	5.0
53	0.3223923825917277	0.01949191396093991	18.0	6.0
56	0.5228359973791409	0.06591209885354764	14.0	5.0
65	0.43607450149367266	0.04877631427771218	18.0	5.0
72	0.6594803863007818	0.01956570862506429	18.0	6.0
76	0.5489098355815316	0.02888276897454089	18.0	6.0
78	0.638738126135456	0.009323416138775709	18.0	6.0
79	0.5140867852407489	0.010896071757031505	18.0	6.0
80	0.5820065956429388	0.027232501598866594	18.0	6.0
87	0.3838144253065119	0.04261742200775134	16.0	4.0
91	0.3677575517536794	0.0800700253765402	12.0	3.0
93	0.4049830752193724	0.04380948975438234	18.0	5.0
95	0.6344431416199604	0.026870424580797733	18.0	6.0
100	0.43980174640669667	0.04330784238534572	10.0	4.0
103	0.6305304128027222	0.017865737801567548	18.0	6.0
114	0.321760352496101	0.03868938559096534	18.0	5.0
118	0.4542824361586028	0.01397162977983187	18.0	6.0
119	0.4168215489874592	0.02938820573164031	18.0	6.0
122	0.49738406099562965	0.023542660771196804	18.0	5.0
125	0.3742784973905991	0.06276025369436646	10.0	4.0
127	0.40147484715823295	0.027077839901822075	18.0	5.0
128	0.4684239474579874	0.024323159906080694	18.0	6.0
129	0.32139063224507763	0.06069704699211655	12.0	3.0
131	0.5139011749939205	0.03719329359287815	16.0	4.0
132	0.49614340241160915	0.01081503147230239	18.0	6.0
134	0.35457015234903394	0.0371921399586318	12.0	3.0
144	0.5830784344982485	0.0193707980669647	18.0	6.0
146	0.38596210207356596	0.02486718259637681	12.0	5.0
149	0.4135730043730212	0.05213753398259578	18.0	5.0
150	0.4446548125235435	0.027029637245942463	18.0	6.0
151	0.275805079608542	0.0532632891934599	14.0	3.0
157	0.39202270921640786	0.04109703265722228	10.0	4.0
158	0.42729836048283776	0.07301496198853495	12.0	4.0
164	0.42925950545891045	0.04863412350420833	18.0	6.0
165	0.3650991801986118	0.07234846324905828	12.0	2.0
167	0.48918772378704517	0.03232049424329151	18.0	6.0
170	0.4582593409242627	0.041592443770232655	18.0	5.0
171	0.7076870355860859	0.01450425403584282	18.0	6.0
172	0.36518470673794273	0.052754240046778436	12.0	4.0
183	0.37128678613996424	0.047384164362165006	18.0	5.0
192	0.853473022066402	0.006190478054055206	18.0	6.0
193	0.3206982695035982	0.03255819889834947	12.0	4.0
194	0.5903934176569983	0.02709859435693396	18.0	6.0
196	0.33707478510312594	0.0971199364171842	14.0	2.0
201	0.5068215850789607	0.0447683691340743	18.0	5.0
203	0.47488809133370713	0.018719428304277953	18.0	6.0
205	0.4548834067922797	0.07854396244326946	16.0	4.0
13	0.4844680765363717	0.04197636856895243	18.0	5.0
25	0.7299615913941381	0.025267788993058756	18.0	5.0
30	0.351636454707827	0.07055339656191914	10.0	2.0
44	0.3820190362480859	0.07711884511121296	16.0	3.0
51	0.4291684875800057	0.04386610742378407	18.0	5.0
52	0.42785634851936466	0.07799932161316528	16.0	3.0
57	0.4262623767285525	0.05270175234119223	16.0	3.0
61	0.38195863787884093	0.04468904321705932	12.0	3.0
68	0.48817401740845445	0.05204014971264978	18.0	5.0
70	0.7491640859775465	0.01869796085247304	18.0	5.0
74	0.5581505796620293	0.03267871465913993	18.0	4.0
94	0.3469691743072421	0.10411986563634097	14.0	2.0
96	0.5489988774287051	0.040897555682094175	18.0	5.0
159	0.5478057212827189	0.039208096304858824	18.0	5.0
161	0.4310957390443527	0.07791701835896538	16.0	3.0
166	0.41397715305709937	0.0757747699268314	10.0	2.0
169	0.3763211329942673	0.07416537088489066	10.0	2.0
175	0.4535932592917119	0.03584415325093361	18.0	5.0
6	0.38553710836345406	0.05482467049142494	14.0	2.0
21	0.3848666737415415	0.10333289040812671	12.0	2.0
42	0.5204751484463253	0.09367414852767862	14.0	3.0
47	0.4446242185347659	0.08623197581133507	14.0	2.0
67	0.38436661428189256	0.0758746779513845	14.0	3.0
73	0.6780230312965876	0.21675816554124966	12.0	2.0
83	0.4220343941766474	0.07956745077017259	14.0	2.0
147	0.5336986553154891	0.1048424790589475	14.0	2.0
174	0.37439187245255334	0.06253724908526104	14.0	2.0
188	0.38152930521797485	0.09655926774182573	12.0	2.0
204	0.4105063992582707	0.08937639800727869	14.0	2.0
124	0.6108510037146714	0.09601062177848432	18.0	3.0
153	0.561849141910171	0.09302297053442836	16.0	2.0
