listID	  BCID	TAG	 k	 a	 b	 s_mean	 s_var	 log_normalization 	 log_prob_survive_cummulated	 Rhat_cellnum	 Rhat_selection
0	 26	Adaptive	27.821753583870873	 533.0866676868607	 0.05032444281263648	 0.3791234364477445	 0.016661803853103407	 -4.791406026888612	 -6.499556692584233e-05	0.9998876671105486	 1.0004151677241668
4	 67	Adaptive	12.908595616834967	 230.7842018911557	 0.07312351761769882	 0.41764216371884916	 0.034505378835391246	 -4.744755393267209	 -0.042164264982297986	1.000638143108287	 0.9997261309400403
3	 56	Adaptive	49.723404953361865	 935.4856885529365	 0.03997763608816928	 0.6296671602784966	 0.017320241331417043	 -6.667769326605774	 -0.0002476233868827952	1.0001717090110982	 1.0000860188208427
1	 42	Adaptive	9.28656279584745	 165.22980942863256	 0.09409711674008052	 0.3736817726082415	 0.031505982931334	 -5.835597457176313	 -0.011192497837063534	1.0007072421817873	 1.0003718071307557
2	 50	Adaptive	2.2273928609575497	 35.792095722639296	 0.10430398604190122	 0.4722022154460026	 0.11546410453279882	 -5.016526457445623	 -0.7725298513177709	0.9999824116589333	 0.9998532499074725
9	 816	Adaptive	3.377831090189809	 53.06292709983492	 0.10519788403957127	 0.40081203171688107	 0.0978803011795462	 -4.478620907209584	 -0.14766713587475191	0.9997850334230989	 1.0006216337662586
6	 100	Adaptive	113.14095088174784	 2108.8026269210272	 0.025294612086467695	 0.4927892459073295	 0.007183003164667886	 -5.242420048589297	 -2.4500126402130657e-09	1.0000511994056254	 0.999742374016303
5	 73	Adaptive	17.857374798665962	 329.90553696585226	 0.05723615656116645	 0.7459373614619319	 0.06613253396290852	 -4.004365542849583	 -0.07606844644336448	0.9998646815013245	 0.999922223245156
7	 449	Adaptive	7.701205240167122	 132.23671434887066	 0.09627433549935911	 0.56641454429064	 0.07206407943236083	 -4.884531528457994	 -0.08782477957863365	1.0015338174885968	 1.0002423127486815
12	 2396	Adaptive	2.398376880018703	 38.464303660643836	 0.10789860170017193	 0.4331107436003862	 0.09726523728140246	 -5.502876096414668	 -0.20356317389212822	1.000036600640758	 0.9999209595025791
10	 1669	Adaptive	7.683046047915076	 136.07276163233146	 0.06477867840478556	 0.795581972782254	 0.06827217485881693	 -5.709303139166627	 -0.06648105110615606	1.0000048845658382	 0.9999311095049264
11	 1991	Adaptive	2.3778164407670577	 37.37930283646008	 0.11798159265812477	 0.4625900077960967	 0.10505795681430745	 -5.281720694759381	 -0.46530219877641127	0.9998354906556485	 1.0001900816689695
8	 632	Adaptive	2.4091581073936803	 36.69826580065123	 0.12847457228254136	 0.38462342116867376	 0.09835569763152886	 -4.950349732565175	 -0.1550116231154122	1.0000550492898321	 0.9998686499530686
15	 3390	Adaptive	8.466205753995839	 143.12108341892292	 0.09766109024834409	 0.5157780236030991	 0.07847637085898877	 -4.042191017807617	 -0.1643339889854837	1.0001365226657255	 0.9997086432203304
14	 2715	Adaptive	5.361750580979458	 97.24038179172412	 0.09001751866202812	 0.6811042114166996	 0.07979031157506643	 -5.558790334742309	 -0.23059052744803332	1.0002239325204354	 1.0004112342736424
13	 2425	Adaptive	3.4072719400570772	 52.86736684154012	 0.09761248121805455	 0.44703820100090086	 0.10544025557103837	 -4.336307501699565	 -0.31064564013952295	0.9996965115236534	 0.9997775315451365
16	 3477	Adaptive	2.301391877524651	 38.47159042332343	 0.12919537558909225	 0.46831899122131565	 0.10123615572594112	 -5.658298126823422	 -0.41845687141816634	0.9997744205095866	 0.9997739524226081
17	 4301	Adaptive	4.403175882842816	 70.33374183255958	 0.0963495016245211	 0.5663309606602879	 0.10479845329127438	 -4.1937932727696055	 -0.34161079329431726	1.0002341806127164	 1.0012609067373632
20	 6460	Adaptive	10.804885868254587	 176.79430493125383	 0.08977352604944408	 0.615247260456227	 0.0787199762265576	 -3.7750282979507848	 -0.11118475446513577	1.0004005988614106	 1.0009095684835032
19	 4612	Adaptive	3.391749366358607	 50.90619889351809	 0.10776172940904485	 0.44212612107064103	 0.12815345789211552	 -4.063228577723593	 -0.4106840550525066	1.0007541612607458	 1.0007190266367088
22	 9706	Adaptive	3.3137189062697803	 51.989787926591056	 0.10469835416043927	 0.4369284936593158	 0.1096843119863483	 -4.190729245522713	 -0.3105016516699734	1.0001430138179053	 0.9999888331971437
18	 4322	Adaptive	4.770414133737317	 73.68740598779786	 0.10525004451343907	 0.37294815807403064	 0.07127915178671991	 -4.707728290590783	 -0.013804815485357329	1.0006033678591468	 1.0002758122577498
21	 8058	Adaptive	2.4180561991420904	 36.42946234840391	 0.07947129919006073	 0.41395534033317966	 0.13144327129755495	 -4.491918759032748	 -0.30191365274137644	0.9996648890410638	 1.0006285243133404
23	 9812	Adaptive	5.338843989509604	 86.52801353488243	 0.09249919198665886	 0.528817733557563	 0.10837536884220099	 -3.9372999149546053	 -0.2579004101285302	1.0020928132747968	 0.9997542577325378
26	 2	Adaptive	9174.190763211454	 57668.35025416867	 0.01668136155133328	 0.6989404429046276	 0.00010900738040730355	 -6.384243015525879	 0.0	1.0001774063452569	 1.000249466951433
27	 3	Adaptive	2538.45094808416	 14875.399023940214	 0.009234397732758018	 0.5854961056492543	 0.0003940186419114451	 -5.812180691509596	 0.0	1.0000960402784225	 0.9998887904120017
24	 0	Adaptive	91.34705482465735	 1651.2113435621657	 0.0237465645139142	 0.3261682354825941	 0.0013623015768879977	 -3.9739237317441978	 -2.8687221528336998e-09	1.0002484951972719	 0.9996244418611052
28	 4	Adaptive	33487.07917236249	 382635.8105734971	 0.022662369339476622	 0.7396501347984676	 2.9862709914683672e-05	 -6.956673464540179	 0.0	1.0005450080213842	 1.0013448759304944
29	 5	Adaptive	72.50053256161418	 1287.7993078450552	 0.019688277117555313	 0.42252662330181584	 0.0027184185645362387	 -4.22914183849967	 -5.714514718013747e-05	1.000164259267233	 1.0005176268209102
25	 1	Adaptive	19078.361781511405	 90294.21182406665	 0.019221829597633803	 0.6097367114946665	 5.241677559328728e-05	 -7.244213182208618	 0.0	1.0004167013844605	 1.0012642038220056
31	 13	Adaptive	74.38770948932293	 1431.8502919239718	 0.0158225029742331	 0.4844680765363717	 0.0017620155182365373	 -3.7038911868232782	 -6.007841195454635e-06	0.9998861633254871	 1.0000459160959723
30	 8	Adaptive	462.5033307426169	 9769.049804025473	 0.009602927505519122	 0.5314874110011033	 0.0004466332995406689	 -5.518017601134769	 0.0	0.9997538260073927	 0.9998852002782336
32	 14	Adaptive	13049.136915241093	 38846.46550814886	 0.01645845290819351	 0.5484692229537969	 7.663635719177837e-05	 -4.9888694738103405	 0.0	0.999641200260142	 0.9996977258067424
33	 16	Adaptive	116.11443340961172	 2311.721167303958	 0.019607491036663063	 0.46876507423864516	 0.0011348409296884747	 -5.537058113615043	 -2.8466673463306503e-11	0.9998180226964839	 0.9996672297691871
36	 19	Adaptive	2231.188800366986	 19245.093138845452	 0.011066586932248991	 0.5803507308154195	 0.00044829201399894424	 -6.890626887464953	 0.0	0.9997611337189367	 1.0018523616627544
34	 17	Adaptive	17993.641292617456	 54966.3028659346	 0.018576052634378656	 0.5284946625029274	 5.557673245987351e-05	 -4.990320765304637	 0.0	1.0014998977154195	 1.000783850903602
43	 28	Adaptive	131.5689276156979	 2553.9027167464724	 0.013248320055619111	 0.43452411194058405	 0.0012505719755965894	 -5.241212148222324	 -2.0641284228386007e-08	0.9999918183962322	 1.000146181509172
35	 18	Adaptive	800.406078762448	 3432.2228078892135	 0.015459631505416741	 0.48509576624484774	 0.000821827067370046	 -4.893348158318244	 -6.661338147750941e-16	0.9998421546088199	 1.0003326219624273
38	 22	Adaptive	25852.1143128971	 194441.74495350884	 0.020924227940681037	 0.6700542217963353	 3.868230385091245e-05	 -8.707735451595209	 0.0	0.9997855338975652	 0.9996217891662609
42	 27	Adaptive	261.1370596059921	 6256.00717239517	 0.013632818105831073	 0.5353535361288719	 0.0007466644086605676	 -5.4984790339762375	 0.0	1.000697540504882	 1.0003987955348632
37	 20	Adaptive	101.84770014836366	 1909.0396356009599	 0.01678691540303798	 0.4512622769491472	 0.000987079943233163	 -3.6195433878615475	 -3.5569485198315726e-09	0.9997412580748032	 0.9999269819266519
40	 24	Adaptive	791.7939571588907	 3098.0769395759476	 0.015344146769444957	 0.48962242149491286	 0.0008249312810659335	 -5.138221924079832	 -1.1102230246251571e-15	1.0003011097836056	 1.0012714393856037
39	 23	Adaptive	16466.203140531703	 98577.20238895643	 0.01906811487891815	 0.672901299656681	 6.0732298594135136e-05	 -6.988138925939655	 0.0	1.0005266731728413	 1.0010009783445097
41	 25	Adaptive	1566.7659329682497	 17333.63600985279	 0.008879758343573997	 0.7299615913941381	 0.0006384611605977413	 -7.145078794422973	 0.0	1.0010259613073083	 0.9997416294725707
44	 29	Adaptive	223.44383626763081	 5018.11064329049	 0.013916655514633823	 0.4392856535000625	 0.0008191095876854244	 -5.129876284902387	 0.0	0.9999887522167268	 1.0018420959430445
46	 43	Adaptive	816.3071825935093	 5853.154525512204	 0.012038247631879103	 0.5762011707900382	 0.0007706330250181858	 -5.176437992743789	 0.0	1.0007676310984706	 1.0001338189490987
45	 33	Adaptive	904.799409781785	 13348.599955905085	 0.009925121660769861	 0.6515960156241792	 0.000610265694248784	 -6.116212454352084	 0.0	1.0006698180297162	 1.0002640683732238
47	 46	Adaptive	47.0597931340003	 867.3205185980872	 0.03132869472330407	 0.40244088188029564	 0.0034231603423951627	 -3.6866865738748413	 -0.0003321782318040488	1.001832978549264	 1.0035976801327837
48	 48	Adaptive	23822.348125369757	 107503.4299609831	 0.021214671895228143	 0.5700451655107126	 4.197827114753225e-05	 -5.437102467611712	 0.0	1.0008040926256516	 1.000502792290516
50	 53	Adaptive	1769.7574585458162	 1532.109281494559	 0.016042626604384456	 0.3223923825917277	 0.00037993470986068413	 0.0789021864531474	 -6.023456180097583e-10	1.0010110846214375	 0.9999743271908397
49	 51	Adaptive	44.30650637341512	 846.7664951164613	 0.02678348079414649	 0.4291684875800057	 0.001924235380514964	 -2.8010617977560055	 -7.471902713705304e-05	0.9996557347280344	 0.9996296920993084
51	 58	Adaptive	4641.256176818153	 51511.13246566257	 0.010724441113548639	 0.6970137905172418	 0.0002154821235821414	 -6.943719342763025	 0.0	1.0002047006333161	 1.0013535056955494
53	 65	Adaptive	73.51319524438534	 1329.8064224282707	 0.02328136881672896	 0.43607450149367266	 0.0023791288345181493	 -4.147748440472221	 -3.433605273393376e-07	0.9997676482454496	 1.0000309267233318
54	 66	Adaptive	7626.946204247243	 26948.402966966223	 0.01663731105998907	 0.5750345040746169	 0.00013112267126598587	 -5.609979229483491	 0.0	1.0004096244900014	 1.0003484016400463
52	 60	Adaptive	25770.679616109446	 157631.22873345952	 0.020836353478048523	 0.6526150625442607	 3.8804541317233933e-05	 -6.417710622553087	 0.0	1.0026997789294565	 1.000719175913842
55	 68	Adaptive	53.47713164674044	 1005.3627633182657	 0.025492099219373954	 0.48817401740845445	 0.002708177182115003	 -3.872857981965274	 -8.291370632448955e-05	1.000345696421214	 0.9998173668896875
60	 74	Adaptive	228.32375151420882	 5385.552449660049	 0.013587444569340305	 0.5581505796620293	 0.0010678983917734868	 -6.426513490446444	 0.0	1.0007066077783535	 0.9997902624694404
59	 72	Adaptive	2612.7144723816887	 25822.742212158664	 0.01019837976184585	 0.6594803863007818	 0.0003828169540009152	 -6.94022076531541	 0.0	0.9996747412678453	 1.0000719155174647
56	 69	Adaptive	7353.607371160354	 25905.798022629653	 0.015513328748003312	 0.5662732344587269	 0.0001359969258355088	 -5.711446963544764	 0.0	1.0006034130308004	 0.9997094538973439
57	 70	Adaptive	2860.799453548927	 39147.140876174446	 0.009968330322956088	 0.7491640859775465	 0.0003496137400406144	 -7.050301375509093	 0.0	1.000014511207871	 0.999630816974737
61	 76	Adaptive	199.14833001931513	 4255.271445985774	 0.011326575364756526	 0.5489098355815316	 0.0008342143436367017	 -5.979258657049214	 -1.1102230246251565e-16	1.0004128884789356	 1.000482633147038
62	 77	Adaptive	3470.017555084221	 24973.891942456223	 0.010092116431603952	 0.6133246230915245	 0.00028822450873922003	 -6.203320319593264	 0.0	1.0003861169766572	 0.999790696030778
63	 78	Adaptive	11504.526197401356	 54589.64224350346	 0.017349861819526902	 0.638738126135456	 8.692608849678336e-05	 -6.366955353198085	 0.0	1.0004583397082938	 1.0011590740793486
58	 71	Adaptive	52581.697768028505	 4354778.090471841	 0.026643195626902212	 0.8781980097905097	 1.9018205031797502e-05	 -10.07986739817805	 0.0	1.0011029016433597	 1.0011103129883896
65	 80	Adaptive	370.88092462804025	 6721.02992453634	 0.011954961532912992	 0.5820065956429388	 0.0007416091433322716	 -5.443376859138082	 0.0	1.0002233033056478	 0.9996027527686482
66	 84	Adaptive	3641.7489533011935	 9902.167085712377	 0.012234051121040661	 0.479540270696644	 0.00027463104176175167	 -4.652457671328424	 0.0	1.0002204442418248	 1.0008198400691781
64	 79	Adaptive	8423.369852538448	 22995.838849678024	 0.016788605686442113	 0.5140867852407489	 0.00011872437973437964	 -4.960179177567082	 0.0	1.0004084729923348	 1.0000372670895292
69	 89	Adaptive	4374.132179026993	 40219.54294566805	 0.012856551433754103	 0.6904817261134505	 0.00022864291157567306	 -6.8537577527727755	 0.0	1.000211117397708	 1.0013254752854526
70	 90	Adaptive	5309.044491535066	 10339.047643821987	 0.011917999090311333	 0.42768550351665924	 0.0001883755516338096	 -3.931366762103961	 0.0	1.000325236401752	 1.0003555477406332
71	 92	Adaptive	80.28022186386438	 1511.515675299086	 0.021154696971571862	 0.5985832938249801	 0.007122016348514023	 -4.704945465653346	 -8.252561331719306e-06	0.9997791693993017	 0.9997129092659955
68	 88	Adaptive	52445.35560526986	 3331913.066437944	 0.028121976398599414	 0.825828136819993	 1.9067647120478065e-05	 -11.044734989245672	 0.0	1.0009197420455413	 1.0010663047018216
72	 93	Adaptive	55.82473093417115	 1036.4154283659018	 0.021393606099535695	 0.4049830752193724	 0.0019192713925393313	 -3.308830256968451	 -7.91400571552394e-05	1.000355638617201	 0.9996082573389282
76	 103	Adaptive	3133.483330856432	 26631.12612318711	 0.010605988886952604	 0.6305304128027222	 0.0003191845871943596	 -6.4480036262150415	 0.0	0.9998524900479756	 0.9999470596875035
74	 96	Adaptive	148.50123695901627	 3023.296680393982	 0.013749898886303177	 0.5489988774287051	 0.0016726100607699938	 -5.0823516319140785	 -3.2879599048816986e-10	0.9998203547004344	 0.9997661065034484
73	 95	Adaptive	664.353936882249	 10522.071236896934	 0.007842099881438993	 0.6344431416199604	 0.000722019717152339	 -5.867938236095981	 0.0	1.0007204953024589	 1.000205854500003
67	 85	Adaptive	99236.15039730839	 5819836.2750436645	 0.029080414448423072	 0.7736177764462578	 1.0077023691030688e-05	 -9.984623740291273	 0.0	0.9997371187707721	 0.9997228592903319
75	 101	Adaptive	8395.57144818123	 11897.63050634356	 0.017378648721786155	 0.418476159155208	 0.00011911750900404572	 -4.921982097299361	 0.0	1.0005794096716907	 1.0000733163890498
77	 106	Adaptive	1942.0874977157705	 4808.180953161178	 0.010556722670980513	 0.4518446717929175	 0.0005150424474627288	 -4.49606375914751	 0.0	1.0002892018755982	 0.9996616933514488
79	 109	Adaptive	2061.0417357292067	 12513.588837915271	 0.009505846541948484	 0.5942381295038931	 0.0004853092574805592	 -5.744759706003116	 0.0	1.0009829578569698	 1.0008133820898466
80	 112	Adaptive	27737.32666052411	 192368.73272844916	 0.02137609640332358	 0.6537042830987834	 3.605315100141729e-05	 -6.13041729097454	 0.0	1.0002612140837945	 1.001073331184789
84	 118	Adaptive	5123.281822915449	 11430.274736096982	 0.013960878624776843	 0.4542824361586028	 0.00019520643870468474	 -6.0282133924720265	 0.0	0.9998020522442029	 0.9997989324465888
78	 107	Adaptive	37321.54006386081	 651497.9844423968	 0.024804198621406058	 0.7522820701890367	 2.679453729630962e-05	 -8.940146246116349	 0.0	1.001804777452879	 1.001813526199468
83	 117	Adaptive	22349.552994561163	 107203.0303904451	 0.021436391662426547	 0.5848852176362754	 4.4744625200742e-05	 -6.186093539904386	 0.0	1.001199219342151	 1.0022011865176084
81	 114	Adaptive	35.86841162272835	 648.251712018114	 0.028061168778885183	 0.321760352496101	 0.0014968685574063966	 -1.3780678433533526	 -3.783775580103866e-05	1.0002087681133929	 0.9998074066489961
86	 121	Adaptive	8306.854876929196	 32910.98798265835	 0.017351124593404994	 0.5963445456125055	 0.00012038975138089507	 -6.902875429914295	 0.0	1.0017482520087315	 1.001548560597479
85	 119	Adaptive	119.70772653074468	 2370.3700464777376	 0.011317426313703213	 0.4168215489874592	 0.0008636666361252164	 -4.465048070494621	 -9.023263021967551e-08	1.0002391726002315	 0.9998558513806423
88	 124	Adaptive	27.98053944047841	 507.64254890107975	 0.03557044300694479	 0.6108510037146714	 0.009218039494291168	 -5.021781701931659	 -0.0004193379649891468	1.0002844873107566	 0.9996648675605891
87	 122	Adaptive	1608.8881034796436	 8136.837662546539	 0.012763250487453064	 0.49738406099562965	 0.0005542568761876488	 -5.507020540910747	 0.0	1.0002757131769084	 0.9997198236793751
82	 115	Adaptive	30902.76066441337	 357045.9066914442	 0.022060298740666288	 0.7540778025671201	 3.236009205838852e-05	 -7.011484679052236	 0.0	1.0007697896850416	 1.0013537426174768
92	 132	Adaptive	8550.07298921701	 20823.26189849697	 0.017677549387555717	 0.49614340241160915	 0.0001169649057468912	 -6.190494120305662	 0.0	1.0000801445837593	 1.0003271896944514
93	 133	Adaptive	8103.708446683862	 26528.893872383844	 0.017313692084289917	 0.5489186716497597	 0.0001234079075357011	 -5.3128386445664875	 0.0	1.0001913069968187	 1.0001490821958698
90	 127	Adaptive	762.6069055342582	 3287.470122949042	 0.016013061302263133	 0.40147484715823295	 0.0007332094137487078	 -5.034434926188611	 -3.9857006584043915e-14	0.999743086158513	 1.0002732174189544
91	 128	Adaptive	934.092717112913	 4422.2946868078325	 0.011365736934905755	 0.4684239474579874	 0.0005916161078167715	 -4.385754646369403	 -3.441691376337991e-15	0.9996582979581287	 0.9996221425566125
89	 126	Adaptive	19950.688874420543	 117737.32854918217	 0.019965800423096775	 0.6621498374345305	 5.012483872064859e-05	 -6.184699859117664	 0.0	0.9997943523368914	 1.0002295972239497
95	 139	Adaptive	21184.084684863796	 193549.96733771134	 0.020760474347213738	 0.7468686671410413	 4.7206363546606103e-05	 -6.5623461077046805	 0.0	0.9997434916598645	 0.9998475794596633
96	 140	Adaptive	1843.204710279401	 6872.859478922875	 0.01641999217651736	 0.40785982035171203	 0.0003935005801328476	 -6.580718149916897	 0.0	1.0002890322824263	 1.000248589577533
94	 135	Adaptive	338.25270847529083	 8770.618132391422	 0.011407606485490787	 0.5107117887924646	 0.000447540881875155	 -5.181012147835411	 0.0	0.999978868170514	 0.9997711902124617
98	 142	Adaptive	183.57450990982744	 4113.99570833739	 0.01257123806905818	 0.4888428316176451	 0.0007559165172413049	 -4.764025720719967	 -3.108624468950443e-15	0.9999285168692795	 0.9998380930589449
100	 146	Adaptive	256.8802437363265	 6118.049409887885	 0.016357910626053	 0.4810171009134774	 0.0011315770868334865	 -6.5969254712924865	 0.0	1.0012922996823421	 1.0004882830859012
99	 144	Adaptive	2665.5475801730104	 16414.463622600477	 0.011483979359234512	 0.5830784344982485	 0.0003752278177511234	 -6.038188580686741	 0.0	1.000199761846724	 1.0015680395522453
101	 149	Adaptive	66.63746520369061	 1168.477813997314	 0.020450372418170985	 0.4135730043730212	 0.0027183224497863297	 -4.596753585582095	 -5.1218366117755785e-05	0.9996764455648748	 0.999822923909826
103	 152	Adaptive	27058.089329708597	 391250.333077125	 0.022017621569397943	 0.78023874799354	 3.695820746734877e-05	 -7.832385676421533	 0.0	1.0001410479789834	 1.0003407525612669
97	 141	Adaptive	21168.56139468986	 98301.10579627517	 0.018748400236957938	 0.6293341682783395	 4.724098164669073e-05	 -8.205363798303368	 0.0	1.000387821107851	 1.0009295275819854
102	 150	Adaptive	161.91329926466165	 3447.40949781461	 0.011954118751150567	 0.4446548125235435	 0.0007306012896472401	 -4.486992742634767	 -1.0423839569827892e-10	1.0004680431564479	 0.9999706088905459
104	 155	Adaptive	4066.88960779549	 9044.988561034212	 0.012764961686455288	 0.45263200995872166	 0.0002459183922818553	 -4.311018812445386	 0.0	0.9999923391847177	 0.9998216237407895
105	 158	Adaptive	47.80909061490955	 905.6222379310523	 0.034551734903736406	 0.4955115515721063	 0.005833059142166313	 -5.8580871834955826	 -4.4600130507880746e-06	1.0004333238497498	 1.0010657833720142
108	 167	Adaptive	131.04056103584884	 2701.805555023808	 0.01602251609523627	 0.48918772378704517	 0.0010446143481306397	 -4.2875683199361205	 -8.047340571725364e-12	1.001867987541834	 1.0017016207448444
106	 159	Adaptive	116.90437152463096	 2280.465481066694	 0.013696359941758439	 0.5478057212827189	 0.0015372748158510839	 -5.392049462944243	 -5.082245735495233e-11	0.9997748187472592	 1.0000860683314996
107	 164	Adaptive	38.65981697212468	 727.3095957866404	 0.02191779610469541	 0.42925950545891045	 0.002365277969022589	 -2.82923240128078	 -2.5604300295025375e-05	1.0009945874925177	 1.0000200437671762
110	 171	Adaptive	4753.952988667024	 61602.40241822025	 0.010468483712163612	 0.7076870355860859	 0.00021037338513626273	 -7.664071852429142	 0.0	1.0001456696182285	 0.9998537028374505
109	 170	Adaptive	108.819477194474	 2168.0074282760024	 0.019210679515927	 0.4582593409242627	 0.0017299313787799654	 -5.692778000031032	 -2.7027269311511335e-12	1.0008580694959486	 1.000563255700196
111	 172	Adaptive	90.06089190685239	 1786.3349919825644	 0.027183369470817592	 0.48550711667181806	 0.003076094121916072	 -6.352425921304879	 -2.523418141427728e-10	1.000018732835208	 0.9999309037476742
113	 177	Adaptive	2491.9328868631474	 10792.9004229954	 0.011824549441732831	 0.5250895292757292	 0.0004013754460080296	 -5.398730786776601	 0.0	1.0002449637569046	 1.00037992868103
114	 180	Adaptive	11308.267355875203	 68681.94055198396	 0.017846307398971566	 0.693365541960589	 8.843478715814506e-05	 -6.697006136126925	 0.0	1.0007483970594155	 1.0002858149408738
112	 175	Adaptive	57.59605816316265	 1089.1979641846506	 0.01598537012934582	 0.4535932592917119	 0.0012848033222764147	 -4.062675352188371	 -1.6138445161306482e-07	1.0012893311740503	 1.0018643772357811
116	 183	Adaptive	58.91115053123206	 1063.2048523013264	 0.021229051963098714	 0.37128678613996424	 0.002245259032300668	 -3.7125270463394635	 -0.00010229751354795975	0.9999290165950547	 0.9996714038283427
117	 186	Adaptive	3779.9118827950047	 9635.418340270166	 0.01025842763371591	 0.4421796457273521	 0.0002645914295617036	 -6.111858680335837	 0.0	0.9998796903096793	 1.0003214883305218
120	 194	Adaptive	1362.27843335423	 9239.543298096187	 0.007823486976109855	 0.5903934176569983	 0.0007343338161216531	 -5.717967339299882	 0.0	0.9998821174575572	 1.000211427151315
122	 199	Adaptive	74.70490562377258	 1352.6481065324558	 0.01688773281184597	 0.46947841998682455	 0.001616180427926814	 -3.6664106411218915	 -3.5231681277755274e-06	0.9997176638744082	 0.999734110207957
119	 192	Adaptive	26095.15884135017	 683101.7762413749	 0.02199080558381253	 0.853473022066402	 3.832201853773913e-05	 -8.274637561676725	 0.0	1.0008024588871605	 1.001043389042066
121	 198	Adaptive	12730.744544620491	 80166.92144454963	 0.017479798623823487	 0.6583205068913895	 7.855308639050164e-05	 -6.409402719661147	 0.0	1.0009026564339338	 1.0002643054215055
118	 189	Adaptive	34027.4904293699	 405303.6699945555	 0.023357328048787852	 0.7252757242888423	 2.938843510359084e-05	 -7.173921850495383	 0.0	1.0010426150560652	 1.0010680244399337
124	 202	Adaptive	17002.491289368227	 97541.40867077639	 0.019288523136450096	 0.6417053813424629	 5.881663992717383e-05	 -6.025049397131634	 0.0	1.0000839366982606	 1.000101067296263
123	 201	Adaptive	129.95593882423847	 2546.317781463041	 0.012902455947695405	 0.5068215850789607	 0.0020042068749247365	 -5.685059604429856	 -7.882022444636407e-07	1.0000146026401362	 1.0002015863823897
115	 182	Adaptive	52575.3963809028	 1078673.3981816375	 0.025625249666003092	 0.7356594697533774	 1.9020484467244527e-05	 -8.122896587276731	 0.0	1.001708395223273	 1.001673756575235
125	 203	Adaptive	2062.0676817263925	 8288.770240209202	 0.011218394237594617	 0.47488809133370713	 0.0003504169960390026	 -5.275606504287698	 0.0	1.0004769022911741	 1.0010181013768407
