listID	  BCID	TAG	 k	 a	 b	 s_mean	 s_var	 log_normalization 	 log_prob_survive_cummulated	 Rhat_cellnum	 Rhat_selection
0	 21	Adaptive	15.492267324921473	 843.0697158204049	 0.11166850355005942	 0.5231720465841312	 0.019664237254932868	 -4.564916823080496	 -1.4291004077390187e-05	0.9997603341327551	 0.9999459629685261
1	 49	Adaptive	8.290631137919021	 274.53259930111966	 0.13010988500271278	 0.5240159129948089	 0.0484754234569858	 -4.611800203503332	 -0.009964458308240411	0.9997220111930338	 0.9997794090643273
3	 91	Adaptive	19.944135399290584	 1469.7350930940738	 0.12568911141858838	 0.5188154347188206	 0.01307654301145169	 -5.249185613439256	 -3.4363102422640437e-09	0.9999420914276471	 0.9996899350840561
4	 92	Adaptive	27.360010551363942	 2147.1575044555634	 0.10663420184761752	 0.587196848278941	 0.011927088600232361	 -5.210912473752499	 -1.3109758871826103e-07	1.0000293893016379	 0.9997245513274952
2	 61	Adaptive	28.077267027989517	 2379.704659297788	 0.13774329214577624	 0.40811767274439636	 0.007549073550008092	 -4.923783197320809	 -2.049097257328061e-08	0.9998955908629091	 0.9997590814482391
9	 169	Adaptive	18.93121842380664	 1093.807631322459	 0.1332992976887123	 0.4081245913198518	 0.013445432156107882	 -4.864802366864005	 -3.5740064244429627e-07	1.0007413729068257	 1.001065320129199
11	 188	Adaptive	17.747964044353942	 1037.29093526053	 0.11340282630513049	 0.5431229124538869	 0.019632336744195473	 -4.501162247836504	 -5.0355164610761065e-05	1.000021270022924	 0.9998157079614157
13	 1740	Adaptive	9.148349000368983	 277.358597155047	 0.12042020882671393	 0.5735872148452599	 0.05719072408652982	 -4.322159826793783	 -0.012980213990348764	0.9999262208311768	 0.9996301995635164
8	 158	Adaptive	28.197906570387687	 3179.244474824903	 0.13150415555649198	 0.6141574564660536	 0.009633137288352365	 -5.340063048275145	 -1.8526469249320076e-10	1.0003142914172103	 1.0018818598270596
6	 136	Adaptive	26.87539829242164	 2605.905646498842	 0.150959296404799	 0.42886802344363384	 0.006883526042503708	 -6.201724138106148	 -8.187894806613882e-13	1.0000995885955142	 1.0009913878840746
5	 129	Adaptive	25.0153690433012	 2832.1269817653683	 0.16189624198439254	 0.5431279729422729	 0.00846987783925218	 -7.9799518029754	 -1.4943601911465773e-12	1.0001574735273067	 1.0007985711636944
14	 2583	Adaptive	4.080377708691096	 96.6547197629462	 0.16278532591908654	 0.3301810102596927	 0.05683543126647893	 -5.0137412686037806	 -0.052117178084717684	1.0015652457320667	 1.0009699473748195
15	 2586	Adaptive	2.253133111515763	 46.298093041376056	 0.14861883987533472	 0.285315686116056	 0.07661216620748972	 -5.155994024148409	 -0.12879770342383692	1.0002825744068566	 0.9997913220986221
10	 172	Adaptive	38.043066104861516	 5704.933740947947	 0.1460718269335459	 0.5897698221226316	 0.006068626304298783	 -6.103236472551259	 -1.1102230246251565e-16	0.9998549496961896	 0.9996660880246704
7	 146	Adaptive	75.60924199082012	 15447.581366745013	 0.1623571737424542	 0.5508946514507163	 0.0037354780089766905	 -6.89672369782293	 0.0	1.0017023211125988	 1.0010101364797546
12	 193	Adaptive	33.13460405437128	 3740.73686393264	 0.14541123386906632	 0.4575941501966734	 0.0064308465485501285	 -5.643798476835327	 0.0	1.0018219454053312	 0.9997317113539461
16	 2655	Adaptive	2.178320274759932	 45.62254046499084	 0.17009676963289577	 0.40049310380214287	 0.10230506795112969	 -5.20165512857167	 -0.2076758138966782	0.999759037832621	 1.0001396680826287
17	 2923	Adaptive	3.7541463769551044	 82.06898621555618	 0.14975095343749373	 0.516155023312977	 0.10680011336191061	 -4.101273056326868	 -0.2494332338715589	1.00002086160516	 0.9996540468108199
19	 3131	Adaptive	2.2083647647594162	 43.66758112791748	 0.15831587245070097	 0.33833785743099426	 0.10005679381418751	 -4.740158051150978	 -0.3485218464336074	0.9998431186709983	 1.0008237994555274
18	 3123	Adaptive	4.471421199879171	 111.87495306777492	 0.12065111439005335	 0.5373793698794632	 0.08458148975077974	 -4.711150398751634	 -0.15462584789667003	1.0002506284279313	 1.0003347571269743
20	 3643	Adaptive	12.300456308997134	 486.86069902109625	 0.11305783183067017	 0.6057119150216947	 0.0411004323656208	 -4.225834875372145	 -0.010581175343439761	1.0010031625405	 1.0008361440842248
22	 3994	Adaptive	2.2628568826649973	 48.61911649936655	 0.1422531485964512	 0.4373910549988214	 0.09585955608200869	 -5.458453261933143	 -0.1373080194844454	1.0001744908088417	 1.0002257705155786
26	 5489	Adaptive	12.2394083209272	 491.0954891941961	 0.1134675324375049	 0.5951530573481099	 0.036969182362757445	 -4.552740082802765	 -0.0011460058819213017	1.0003693789794605	 1.000336983289396
24	 4484	Adaptive	5.090753132997909	 116.71410868722882	 0.13974020129554598	 0.5206376854876762	 0.102914823906131	 -3.7337580673883157	 -0.21481763617482857	0.9998197374047938	 0.9996657692488198
21	 3864	Adaptive	2.331049418377589	 44.93355346656203	 0.15492014822660638	 0.3129181896024761	 0.08863375454127366	 -4.880234064202231	 -0.13491435865751283	0.9998044603988891	 0.999692525406463
23	 4308	Adaptive	4.480243061509677	 104.83809465789852	 0.14918555059597388	 0.4359068536833635	 0.07966728217116181	 -4.204924179171673	 -0.06790768685752152	1.0004061780509603	 0.9998264936265269
25	 4573	Adaptive	4.481816378614742	 99.84961261207079	 0.13991436398923565	 0.4660826410148511	 0.09353577394155746	 -3.8836577708930076	 -0.31102916413770204	0.9998829275505131	 1.0002489020587924
28	 5948	Adaptive	9.3480213696632	 316.48146130738184	 0.10726104876655189	 0.6901157090310776	 0.061401207355707164	 -4.411281327303117	 -0.02951903282496857	1.0024399743059667	 0.9998773129177944
27	 5790	Adaptive	2.9965466455532	 69.23923022765514	 0.16493853840129913	 0.4308919810992589	 0.08799655145590198	 -5.138689881053626	 -0.026730281796606113	1.0000011925417152	 0.9998694242089562
29	 7627	Adaptive	3.9540923755167974	 99.5400985698066	 0.1706267469890216	 0.37568339488984726	 0.06847082482871089	 -5.585201112639779	 -0.02682022370390508	1.0009143033920622	 0.9999714065222702
31	 9271	Adaptive	5.093736398624379	 115.53202354831373	 0.13877666559681076	 0.32716225979271696	 0.049220762017662206	 -4.737249251905226	 -0.03132024535631957	0.9998056176987321	 0.9996998769862175
32	 9294	Adaptive	4.484673666204712	 97.71002199982327	 0.1419873389866711	 0.450864029886805	 0.09978903410959347	 -3.7899661560966007	 -0.05687780961581345	1.0001502919035077	 0.9998770625769247
30	 8530	Adaptive	2.3170253190602526	 44.0394097537531	 0.147261036304769	 0.31158266486048386	 0.08842153367991375	 -4.865076466334388	 -0.14938701941585147	0.9996470790280183	 1.0004232103015087
33	 9376	Adaptive	7.563834046548629	 216.23773783875174	 0.1242803444512333	 0.5828198079093887	 0.06848373374478767	 -4.395372336824591	 -0.008685601893672937	1.000903562323969	 1.0002525965448565
34	 0	Adaptive	51.12633346672425	 5130.7017789789115	 0.09560727994847752	 0.34528759069910847	 0.0019291712005414042	 -4.898032742583977	 0.0	0.9999495910441927	 1.0006735686559707
37	 3	Adaptive	89.6953525172358	 22839.999353855066	 0.08800570979650345	 0.5893645605003248	 0.0007579469657798579	 -5.112827148033362	 0.0	1.0008056931157465	 1.000456662046701
40	 8	Adaptive	80.38656905979997	 17737.7321405474	 0.0836147603481147	 0.5410205737650898	 0.0007430926607140346	 -4.36710598612609	 0.0	0.999697382318424	 0.9997069228647606
39	 5	Adaptive	30.697741091036555	 2406.880066983874	 0.08415097523342335	 0.413653324362282	 0.0035526666657140437	 -4.095848032125145	 -2.3090766454597063e-08	1.0004558585567946	 1.0002223226052733
36	 2	Adaptive	1645.3592906434287	 66440.61311491323	 0.10078505369008443	 0.6941548224738235	 0.0006022698940608139	 -6.995417332473935	 0.0	1.0015851098556194	 1.0004690733369437
42	 13	Adaptive	27.835607467360813	 2511.678174113814	 0.07287181737922331	 0.4812616034843054	 0.0021637112019156917	 -2.5632979115950696	 -5.2606918822524624e-11	0.9996512626759562	 1.0004102761845863
41	 9	Adaptive	43.73036325619244	 4787.179853242908	 0.09682101570501117	 0.36239613665411097	 0.001218518499195687	 -3.341870773694282	 0.0	0.9996432634636719	 1.0001466361153575
46	 18	Adaptive	52.62082073086673	 8007.570689235303	 0.07825180687909755	 0.5031837213342731	 0.0011024251289297369	 -3.480082591884109	 0.0	1.0002268140853512	 1.0001405375658259
44	 16	Adaptive	49.72428312233845	 6731.5539196800355	 0.09291032175279358	 0.5061748456138965	 0.0016178033783019472	 -4.284954287802677	 0.0	1.0001399262745594	 1.000073889987366
48	 20	Adaptive	38.98598447864543	 4385.43538812762	 0.06949613972160389	 0.4596208451722048	 0.0012314162061673932	 -2.169856716638477	 -6.661338147750941e-16	0.9999877604130563	 1.0002846132621246
35	 1	Adaptive	3748.2857339028437	 108558.51976608018	 0.08373946472197025	 0.5837848784775038	 0.0002668242169931024	 -8.16785631214446	 0.0	1.0009487982816747	 1.0007502535184938
43	 14	Adaptive	3216.1680795210455	 66147.95285878514	 0.09065316697818755	 0.5581084880328708	 0.0003109773667551905	 -6.9726424077604765	 0.0	1.0019856871648658	 1.001500913930383
47	 19	Adaptive	108.48184284089935	 34540.882696703084	 0.12816568922861987	 0.6128175786068297	 0.001462108673285588	 -7.037632817637615	 0.0	1.0016237150548508	 1.0017134054328627
38	 4	Adaptive	3230.5789595629008	 410533.9181696165	 0.09385867639858858	 0.7369671958556171	 0.00030958995263075963	 -9.67013158180853	 0.0	1.0034417914641387	 1.0036194038134896
45	 17	Adaptive	4071.995456307788	 93862.35775327969	 0.087878083231696	 0.5323618261153203	 0.00024560999900508833	 -7.606935345981032	 0.0	1.003451876557928	 1.0034138991884909
51	 24	Adaptive	54.385565398228174	 7655.709040810549	 0.07240629804286292	 0.5123247061824434	 0.001094070275037181	 -3.725384899832024	 0.0	1.0019886318863178	 1.0023111088859114
54	 28	Adaptive	36.62505987980506	 3637.8861221160564	 0.08095379583123123	 0.4117353687190514	 0.0015797082056282878	 -2.6792595537581603	 -3.33066907387547e-16	1.0000758404703176	 1.000064072856626
49	 22	Adaptive	2642.948339710748	 304337.2297289886	 0.103133652902971	 0.7090827183978947	 0.00037843691128216676	 -9.380453051144155	 0.0	1.000159495818749	 1.0000345730134927
50	 23	Adaptive	2953.822174637542	 108060.29987984546	 0.08864716872904006	 0.6506305980662926	 0.00033860172747976003	 -8.0057222129502	 0.0	1.0082717403638537	 1.0073302533868074
52	 25	Adaptive	73.38343384433112	 24245.75459514037	 0.13101692489631628	 0.7685138446213203	 0.0016981394883938466	 -8.19193050810321	 0.0	1.0011861451414217	 1.0024028780180152
55	 29	Adaptive	68.92181754112055	 10522.869785149263	 0.12078286069092027	 0.44683739747960827	 0.0016482040211562548	 -5.433187139517761	 0.0	1.0010973634532139	 1.0013884457607254
58	 44	Adaptive	17.118518016300193	 853.4667961325284	 0.08357893392754097	 0.3820190362480859	 0.005947316271287256	 -3.4916920225725647	 -2.3951831925559388e-05	0.9997935162174799	 1.0000691108441337
57	 43	Adaptive	57.092160171675225	 9834.967129821218	 0.08576062382186543	 0.5841097017537619	 0.0011954619661979193	 -4.169640459223113	 0.0	1.0010426176766305	 1.0016951226257342
59	 46	Adaptive	29.755367191787624	 2008.717307970092	 0.09252637699307675	 0.4072091241243201	 0.004224241483617796	 -3.983845262017661	 -1.92378021476877e-07	1.0001883616862066	 0.9997525825571798
53	 27	Adaptive	56.98996906521667	 8800.55676245301	 0.06943077394186532	 0.5219779223968044	 0.0010288031175696433	 -3.6307941719126386	 0.0	1.0003384826450814	 0.999810316186269
56	 33	Adaptive	75.49324726860672	 18563.679021694898	 0.09675423307626295	 0.6598740399610368	 0.001184017262162024	 -5.382309270208594	 0.0	0.9997935743466456	 1.0001342682808299
62	 52	Adaptive	20.07003753541522	 1292.6646209827768	 0.08620282124618724	 0.42785634851936466	 0.006083894172113992	 -3.6886181053950713	 -5.717995611967904e-07	1.000734005742125	 1.0017313484649801
61	 51	Adaptive	25.871297338053076	 1876.5594673866158	 0.07416049014634907	 0.4320937907387357	 0.002257698730266955	 -2.1283676819681085	 -3.5662353134210328e-09	0.9998543536387697	 0.9997182113178281
63	 53	Adaptive	50.18124194184689	 5336.184930631005	 0.06193102044960474	 0.33130080311739374	 0.00046837238470805485	 2.5975792594943927	 0.0	0.9999388591134218	 0.9999429486613521
60	 48	Adaptive	4421.168450586112	 176063.04512862943	 0.08307598414030627	 0.5806631856555882	 0.00022621013242931425	 -8.833537678231345	 0.0	1.0008197573202753	 1.0014871168202908
64	 54	Adaptive	40.56482320369517	 5207.41321212309	 0.11360680673997514	 0.4672036540015439	 0.0024759137912713017	 -4.952038501010897	 0.0	1.000384849987241	 1.0009160738836933
65	 57	Adaptive	32.73958875077792	 3755.028960214449	 0.11285852419257461	 0.4262623767285525	 0.0027774746998323607	 -4.542956097925817	 0.0	1.0009986939074034	 1.0007699764341054
68	 63	Adaptive	65.42675857768769	 12569.091626359435	 0.12451968955915704	 0.5316194820922207	 0.0018145415666540633	 -6.536627692990852	 0.0	1.0000149135801768	 1.0001011656635939
69	 65	Adaptive	31.01353146505249	 2907.073677781121	 0.09885253662163443	 0.4420702870253036	 0.003303237426056972	 -4.086915832806431	 -2.4951152255456896e-12	1.0005751447254232	 1.0010413441566812
66	 58	Adaptive	160.4561192527794	 63077.98385113669	 0.10479492560925757	 0.7016141534720455	 0.0007145508763681869	 -7.1843468768675685	 0.0	1.0033178539584677	 1.0027293847650889
70	 66	Adaptive	2198.7279061147715	 37165.34441935615	 0.09040300795865408	 0.5603407543562482	 0.00045491187654672426	 -6.40171544107457	 0.0	1.0004432173787452	 1.0003598477104645
67	 60	Adaptive	3112.419867399475	 223350.83964063763	 0.09567705695558788	 0.667729204868544	 0.00032134503266787563	 -8.919496847249356	 0.0	1.0018395438950871	 1.002201818918338
71	 68	Adaptive	26.279792471055348	 2234.656598566246	 0.08263219318114111	 0.5002611964716309	 0.0032063024788340014	 -3.4016280055197026	 -1.501559100409075e-09	0.999880900029169	 1.0004520449315744
72	 69	Adaptive	1972.8077837331605	 36212.71433152025	 0.08239825499244616	 0.5522667952606903	 0.00038456637765437634	 -5.675471910554978	 0.0	1.000664028753861	 1.0028803010349565
76	 74	Adaptive	56.09162738108792	 11865.563127259282	 0.1258134530156103	 0.6087991781974309	 0.0023208485456554626	 -5.81634286530433	 0.0	1.003056376525032	 1.0051598492931704
75	 72	Adaptive	93.62673491662326	 28592.648685113843	 0.09764360479001402	 0.6389868863399026	 0.0008587349436034191	 -5.6897639535019415	 0.0	0.9997713208146559	 0.9997578099954088
73	 70	Adaptive	108.26789836220593	 44509.18469215585	 0.10519283713206752	 0.7593759508441874	 0.001037913327527202	 -6.6540424046972175	 0.0	0.9999775294190113	 0.9999423022375443
77	 76	Adaptive	50.622797698745615	 9726.700761026776	 0.0978134038004211	 0.5823701630647939	 0.001342230486270593	 -4.435860334469041	 0.0	0.9997618544121395	 0.9998948546012933
78	 77	Adaptive	127.58439774166811	 34174.87957136442	 0.08028085202685085	 0.6097603324132358	 0.0005958227729214538	 -7.51826079432991	 0.0	0.9997163021837994	 0.9998981093596637
79	 78	Adaptive	2155.6337485599424	 82228.871687057	 0.09869184543041928	 0.6607478592309696	 0.0004640083159292566	 -7.711225774108865	 0.0	1.0001436209207353	 0.9999690909099481
81	 80	Adaptive	61.36009118342708	 11403.759006099695	 0.08431746009499377	 0.5935001264943583	 0.0011425804112916709	 -4.445482724579276	 0.0	0.9999129690299318	 0.9996906311106595
84	 87	Adaptive	25.48875940801456	 2484.906958524609	 0.10320392328448282	 0.3838144253065119	 0.0018162446585867687	 -4.173129475058291	 -2.0823343049891117e-12	0.99965641676712	 0.9996423782830152
80	 79	Adaptive	2503.9858853051783	 41961.28288261978	 0.09872646886328075	 0.5230238489260683	 0.00039944302945958194	 -6.733707745899965	 0.0	1.0009528355814743	 1.0012528552071396
74	 71	Adaptive	3976.028953510524	 3778478.62875932	 0.09338101096760161	 0.8864193436683103	 0.00025153885342966216	 -11.748618865974482	 0.0	1.0025641673770571	 1.0026916282788538
82	 84	Adaptive	142.4127970022529	 17277.809632624045	 0.07950333215761363	 0.47500695331867837	 0.00044367018811846483	 -4.420078656324423	 0.0	1.0015328119099423	 1.0009287907632611
89	 95	Adaptive	62.74652674923078	 13261.431831839853	 0.09093841348912989	 0.6258259443775149	 0.001240832676741074	 -4.84190550637776	 0.0	1.0005118065564738	 1.0004301208545938
86	 89	Adaptive	173.1719373916729	 45086.14776096508	 0.10453726917353885	 0.6792822969441685	 0.0007059138141238286	 -6.8082209392878035	 0.0	1.0022399958163581	 1.0018148349984504
88	 93	Adaptive	27.14276200188409	 2208.5764908283077	 0.07373408718156121	 0.4057226911224111	 0.002208334672455138	 -2.4849444043160993	 -4.0802583534948794e-11	1.0005488976751593	 0.9998167754378102
90	 96	Adaptive	36.58946118025921	 4144.967816196443	 0.07441222300009012	 0.5353442436652248	 0.0022029890375050267	 -4.002274902930152	 -4.5297099404707416e-14	0.9998484527365632	 1.0005460855852046
91	 101	Adaptive	3683.7961741631334	 30889.11464860965	 0.08406497874847749	 0.44151292858678937	 0.000271495949437411	 -4.967953798368372	 0.0	1.0010940262328798	 1.0007121920382192
87	 90	Adaptive	131.73663206927293	 22318.50297912393	 0.08041927570064875	 0.4319982088925349	 0.00031708005542051466	 -3.364852929687867	 0.0	1.0002560283630768	 1.0004362218174807
85	 88	Adaptive	4847.139358635846	 3544961.5913767135	 0.08811142339115716	 0.8494386911368856	 0.00020632853456912503	 -11.71740790878966	 0.0	0.9998536387962988	 0.9997600393123706
93	 106	Adaptive	68.65705837662651	 10046.619529405358	 0.08142110057074949	 0.4570740201687986	 0.0007554699973906418	 -3.3228818851783712	 0.0	1.0006300413120162	 1.0004451131550334
92	 103	Adaptive	114.95203970752499	 38718.81388650607	 0.08665296698315537	 0.6395606030093777	 0.0006843574439779173	 -5.849957751959475	 0.0	1.0004222710064605	 0.9997211869495017
95	 109	Adaptive	79.26602636189558	 18048.180744769947	 0.0836842439777752	 0.5933593448216378	 0.000854540029109099	 -4.860402844801156	 0.0	0.9996937059617919	 1.0000647537507714
97	 114	Adaptive	30.898795273357848	 2216.5508266529637	 0.07303254531949416	 0.3318949219634049	 0.0017159604496845282	 -2.1130809497107657	 -6.430411758835658e-11	1.0017954726018592	 1.0011548727799238
101	 119	Adaptive	38.69788820667083	 3600.2170032765093	 0.057746081428064845	 0.4031329184536865	 0.0009686530893694304	 -0.7710663204607409	 -1.6653345369377362e-15	0.999702079898288	 0.9999075049396686
83	 85	Adaptive	8364.398592851554	 6012477.313225799	 0.09212816982697859	 0.7753105969256012	 0.00011956146858163514	 -12.225838696598501	 0.0	1.0015596588276534	 1.001572383742172
99	 117	Adaptive	4305.283471561302	 172189.59347036885	 0.0783011745585132	 0.5979308579029761	 0.00023229972005203497	 -8.577181824262201	 0.0	1.0004568608297368	 1.0005955246921505
96	 112	Adaptive	3773.182251930137	 238411.43582993315	 0.08639593594806524	 0.6462567189441141	 0.0002650634024727387	 -8.943143772524166	 0.0	1.0019281636833581	 1.0013033291495992
100	 118	Adaptive	206.29226924231955	 28532.827373108063	 0.09521604197758905	 0.4799604785949386	 0.0004226724459886963	 -6.09068450696169	 0.0	0.9997598481862563	 0.9998431766139066
104	 124	Adaptive	20.354047672540343	 1541.5372529814954	 0.09615466578415535	 0.7118684357789916	 0.013633529047853083	 -4.698110331658453	 -2.7751517714162313e-06	1.0000055737548406	 1.0000071388445628
105	 125	Adaptive	16.349713111787885	 828.3713235995434	 0.09184159434383013	 0.31945334475704484	 0.0046402646801766	 -3.87890741788005	 -4.3382294252357513e-07	0.9998132059881584	 1.0005657361438267
103	 122	Adaptive	73.89059510423927	 16054.302238523103	 0.10215382415189038	 0.5081649833075805	 0.0009791436296044548	 -4.946495915032958	 0.0	1.0019223411442224	 1.0009191106258821
98	 115	Adaptive	3021.6726611251656	 366966.2378181391	 0.09457132334253818	 0.7487413971979294	 0.0003309972990365832	 -9.48260832764413	 0.0	1.0004435087277965	 1.0005165239615037
94	 107	Adaptive	3157.5055097147965	 810762.9733156025	 0.10006389962449233	 0.7791946540203762	 0.00031675585885477045	 -11.733328314544845	 0.0	1.0023149460784055	 1.0025695335672902
102	 121	Adaptive	2037.8342637937717	 57193.90439727231	 0.09321264632068274	 0.627713275517786	 0.0004908374618085485	 -7.310083014180195	 0.0	1.0009438408590883	 1.000786070825921
107	 127	Adaptive	66.62545397700818	 9469.678702062556	 0.08949291948094551	 0.4291239608981733	 0.0011090104738723547	 -4.543191778587227	 0.0	1.001420241317044	 1.0002615121096643
109	 131	Adaptive	47.23725540080919	 7873.432494338113	 0.11389983909034931	 0.5139011749939205	 0.0013833410882860312	 -5.6437019012445635	 0.0	1.001601126087512	 1.0006304302303142
108	 128	Adaptive	57.090607724844936	 8042.3507152392185	 0.07098420978146798	 0.4669204851248922	 0.0007920194180862532	 -2.443441247732708	 0.0	0.9996469637803639	 0.9996725282426567
106	 126	Adaptive	3396.001430252494	 140870.4022135623	 0.0855376960900084	 0.6514991042899438	 0.00029450731009313385	 -9.251761826567801	 0.0	0.999603173807972	 0.9996577565079069
112	 135	Adaptive	81.63449526007606	 15026.338082220975	 0.0816857608380106	 0.5099599709068434	 0.0007038293552052032	 -4.3186713390424885	 0.0	1.0007024649493723	 1.0013211538897027
111	 133	Adaptive	2427.988622270544	 43715.40331168378	 0.09008908839860535	 0.5543288863693194	 0.00041194837156403966	 -5.824187197189721	 0.0	1.000632367158593	 1.0018207352562996
114	 140	Adaptive	106.0248250362592	 20704.9788538659	 0.09920572416421211	 0.4439109085711012	 0.0007275198157956481	 -5.237289034995317	 0.0	0.9999617476282509	 1.0000099132932165
110	 132	Adaptive	2830.2867181493934	 45330.0465356658	 0.08743464124490422	 0.5242267870785465	 0.00035338351910972897	 -6.64985484395128	 0.0	1.0018577697732367	 1.0021145495489177
116	 142	Adaptive	55.65939165539359	 8797.15985502912	 0.0844441534233907	 0.5031795627006255	 0.001065599429358921	 -3.602768347558957	 0.0	0.9999113241886189	 0.9999495204095057
118	 149	Adaptive	28.493949070767783	 1689.0003814926838	 0.06058886517515546	 0.39112908643639765	 0.003065712085742025	 -3.823443988539649	 -1.2033064996606998e-06	1.0010176237307409	 1.0003391127006487
113	 139	Adaptive	2517.053022631856	 209433.8715589818	 0.09443118369084916	 0.7483295794311318	 0.0003973689318127804	 -9.00969241900269	 0.0	1.0066529680216252	 1.0055221635326945
117	 144	Adaptive	101.02004270710806	 22707.256481412336	 0.09400923967981469	 0.5735976912647551	 0.0007554261481478278	 -5.174984629925737	 0.0	0.9998579650733329	 1.0005376260929704
119	 150	Adaptive	53.60138101510719	 5621.24565154652	 0.06156908189801939	 0.4328844967791858	 0.0008912196893994949	 -4.087492862632659	 0.0	0.9996486737002551	 0.9999822981461275
115	 141	Adaptive	2842.414723926435	 171469.1705597381	 0.09809833211302527	 0.6712707914256535	 0.0003518754384396802	 -8.754417029348144	 0.0	1.000350377275641	 1.0002372674055249
125	 161	Adaptive	20.33287708284815	 1263.8490463960832	 0.08701727707285194	 0.4310957390443527	 0.006071061749951348	 -3.8243718634808634	 -1.6579385517724857e-07	1.0028513653792595	 1.0012042349804524
121	 153	Adaptive	17.05081335548599	 1160.2835250144155	 0.10376430544579261	 0.561849141910171	 0.008653273047049126	 -5.187371639206501	 -1.9011542493334356e-06	0.9998088803730492	 0.9998620685445829
124	 159	Adaptive	38.82065206376151	 5394.964807615558	 0.08497316215267744	 0.5815789700606545	 0.0021304363154749204	 -4.1455176116398125	 -2.2204460492503136e-16	0.9997417785923347	 1.0003341644412211
126	 164	Adaptive	28.376945916762963	 1972.114981900178	 0.06291475986787205	 0.44101265379580457	 0.00263703667786552	 -3.422441724053992	 -1.6079684966234635e-07	1.0004159892678235	 0.9998756893664358
123	 157	Adaptive	36.01418718748725	 3537.9942457838256	 0.10765536528590286	 0.33679345495273855	 0.0023657313581077755	 -4.268586002170132	 0.0	1.0021830708381394	 1.0003260447738398
120	 152	Adaptive	2658.550503710123	 360941.99388783803	 0.09367781606503697	 0.7637633704938132	 0.0003762155710771289	 -9.540418796553418	 0.0	1.001767880606768	 1.0020293765634984
127	 167	Adaptive	45.54346962915241	 5394.531925076812	 0.06787828268933324	 0.496407638234723	 0.0013238029991451204	 -3.319575946929321	 0.0	1.0003130282418378	 0.9996447050033688
122	 155	Adaptive	147.28290229273557	 18748.95443898726	 0.076679546071327	 0.4577027636776462	 0.0004068406745973473	 -4.417898199964943	 0.0	1.0003123618112797	 1.0008171554074174
128	 170	Adaptive	49.67072984846767	 6353.4222823358405	 0.10045753389956794	 0.5074406671476643	 0.002657900506386792	 -5.258523988011239	 0.0	1.0001766695823022	 1.0004381443307435
130	 175	Adaptive	34.76256104831567	 3873.9224849411385	 0.07741135138432105	 0.4847910235736893	 0.0015912896278091446	 -3.048026974715157	 -8.881784197001256e-16	0.9999310920444969	 1.0007803511170075
131	 177	Adaptive	86.43135543981086	 18472.848859955342	 0.09233270241154366	 0.5270136974297046	 0.0007174513579145399	 -4.495897922937661	 0.0	0.9999861779659056	 0.9997030894289611
135	 186	Adaptive	128.2486572509459	 14511.468109295362	 0.07014036238914143	 0.4223292143487717	 0.00039427758805505697	 -3.4087783222608623	 0.0	1.000454129985072	 1.0004707365405607
134	 183	Adaptive	35.23022377042792	 2831.0455914863637	 0.09914581342792166	 0.38068270527295966	 0.0028856418842200153	 -4.008876126257614	 -1.444400155037433e-13	0.9998886683890759	 1.0003125630013636
129	 171	Adaptive	160.60278011393925	 62002.11468248132	 0.08661177620181817	 0.6843201272502234	 0.0006061187475877703	 -7.519608026264268	 0.0	1.001078114741054	 0.9998117753148607
132	 180	Adaptive	1596.273559015231	 91153.53085221573	 0.112007713089712	 0.713655308348697	 0.0006266553047113792	 -8.155616941461469	 0.0	1.000649408626639	 1.0008708741875034
140	 199	Adaptive	33.19956965559339	 2919.00449143777	 0.06983462600612567	 0.47581400693247805	 0.0019342980581072285	 -2.7541566802515858	 -3.9739767033432325e-11	0.9997667196845498	 1.0003280494002846
139	 198	Adaptive	2163.53557542006	 107350.92145558265	 0.09114366389087854	 0.6668409562293218	 0.00046231323814689674	 -7.442930327640804	 0.0	1.0013291409424014	 1.0005542932266502
141	 201	Adaptive	33.12572758135802	 3079.1872394545567	 0.06884298096000144	 0.47619367013003866	 0.0025438246922715917	 -4.075979149669145	 -5.224730994839269e-09	0.999990386314315	 0.9997067559036814
137	 192	Adaptive	1903.8899516942456	 591580.0265399702	 0.10414120495852823	 0.8530163652248779	 0.0005253784045674524	 -9.674975173444874	 0.0	1.0021088716934112	 1.0013290623333702
138	 194	Adaptive	69.54978941331795	 12843.128721170619	 0.08098088739443302	 0.5838818574595831	 0.0011869759360990234	 -5.3303198736019795	 0.0	1.000647227754815	 1.0002746041956372
144	 205	Adaptive	15.013281506896341	 712.1276250741188	 0.09383148112463581	 0.4548834067922797	 0.006169154036289723	 -3.851136797449082	 -3.607209497608307e-05	0.9997427446801445	 0.9999004609118368
133	 182	Adaptive	4933.836425402866	 1264081.7092893268	 0.08567087342721318	 0.7460786365356951	 0.00020270257496045633	 -10.767559092574956	 0.0	1.0065164017719448	 1.005257116373985
142	 202	Adaptive	3314.8351533573205	 125430.54528239615	 0.0830974286625342	 0.6363718432765414	 0.0003017196348819976	 -8.63979231195757	 0.0	1.0011151378898124	 1.0011944863002138
136	 189	Adaptive	3130.193479143205	 409898.42066026625	 0.09878599987628504	 0.7076660137557964	 0.000319520100699878	 -9.766136353406676	 0.0	0.9999767253196471	 1.0001265552185177
143	 203	Adaptive	86.85757230786919	 18400.272102815485	 0.07981924808249058	 0.48936835269916973	 0.0005261318305684009	 -3.176798171890952	 0.0	1.0010304244071841	 1.0009862903533073
