listID	 BCID	 TAG	 k	 theta	 log_normalization	 log_prob_survive_cummulated	 Rhat_cellnum
0	236	Unknown	4.025866159018806	9.201459364327587	-2.2950604848558065	-1.6328235059381213	1.0000071052459738
1	483	Unknown	4.2122591448962785	8.764856640708341	-2.2975692073660823	-1.7370159194686825	1.000803645390231
4	547	Unknown	3.8963252084816697	9.585537097147787	-2.2541199103856306	-1.906925949950717	1.0001767096179515
8	888	Unknown	3.9929356648677836	9.29451877202518	-2.277849178325951	-1.7392859535725145	1.0017266217631662
2	526	Unknown	4.230783132096209	8.806965165369569	-2.2793624795879492	-1.9071538315196175	1.0005247979200864
3	536	Unknown	6.163190203281409	8.840432801228337	-1.6504837643758568	-1.9277753755231222	1.0003971471336854
7	751	Unknown	6.073014955842734	8.957488360144701	-1.649029790423385	-1.9133612084037224	1.0023665931137362
5	660	Unknown	4.0827208244159605	9.045459727132364	-2.284782870887538	-1.7489308500378749	1.0000449370742768
9	895	Unknown	4.399854931140898	8.52646846683506	-2.2906563530357014	-1.9091246750409685	1.0015325871891512
6	687	Unknown	3.9607261182505558	9.14972146947281	-2.278055020702826	-1.7464837566638316	1.000462034503954
13	1092	Unknown	4.246478431010227	8.657332900893644	-2.300548025990012	-1.7350889023674358	0.9998129509441148
10	909	Unknown	4.114914164966115	8.824468803339565	-2.2923480276332118	-1.7312463857814073	1.0001159458014752
11	972	Unknown	4.115436390776088	8.882438651234601	-2.2920461526059532	-1.746264030561172	1.0006737652951203
12	1073	Unknown	3.952906339568211	9.224352569554801	-2.2992675201361195	-1.5808594033263517	1.0010327423992436
15	1213	Unknown	7.0233069734048925	8.932186051606825	-1.8109345253331028	-1.7588657701745352	1.0039488825043146
14	1107	Unknown	5.645935304500695	9.540892160340466	-1.6698804888937078	-1.6105756393617854	1.001553525526037
17	1306	Unknown	3.6742105012234765	9.92490606429668	-2.2723020558296567	-1.6152284869194526	1.000028450519562
16	1281	Unknown	4.021613019111416	9.28667272718689	-2.278503973460075	-1.741023013772565	1.0009336542232512
18	1320	Unknown	3.604848841294099	10.00232805395836	-2.2840117343540403	-1.4928126991010848	0.9997066089411538
20	1578	Unknown	4.168088812046559	8.77426088025078	-2.278071218127308	-1.9176584693758818	1.0024073409248568
21	1596	Unknown	3.8593199207848006	9.50328520708963	-2.2838508747422672	-1.6134201547935203	1.0000102646232325
19	1481	Unknown	3.876292062895677	9.205645763058493	-2.2955869781861113	-1.6147151057213818	0.9997816107321669
23	1874	Unknown	3.7522107204554835	9.815647437451462	-2.2965288974727356	-1.4798499568881676	1.001905878551966
22	1754	Unknown	4.168060871315131	8.777569247977722	-2.2953750303131835	-1.7284994909227323	1.0004832249603444
24	1939	Unknown	4.372582609196453	8.418985638738828	-2.28744824561308	-1.9118617061960865	1.001541269072903
26	2087	Unknown	3.7929258318412296	9.83880883377583	-2.261436406861904	-1.747880552802662	1.0018891869224518
28	2174	Unknown	3.9998113932549515	9.126383517856471	-2.2980726675591434	-1.6049024523968034	1.001302639116864
29	2284	Unknown	6.888831174691325	8.982409286783467	-1.7690869269705076	-3.5522020138022397	1.0033925998900448
25	2071	Unknown	8.291739834779607	8.43079348503031	-2.0827458107424075	-1.9349226044514138	1.0014178818359871
27	2156	Unknown	4.158221224462409	8.962930879533914	-2.2682193606763312	-1.9228218983958814	0.9999617695297862
30	2312	Unknown	3.7821375535446986	9.4528733631724	-2.28500332027939	-1.602193876992964	0.9997982299392701
31	2365	Unknown	4.180376961713111	8.843139366212698	-2.2946272472541778	-1.7392883869932203	1.003427711109376
33	2483	Unknown	4.118634345916862	8.98348302370115	-2.269663666711223	-1.9262915363718929	1.0035746924480202
32	2395	Unknown	4.067466970195993	9.017222781186502	-2.2593614623110496	-1.9501959881591882	0.9997659732325946
34	2577	Unknown	3.7925929823862616	9.633963326831143	-2.2632591600773826	-1.7492228178724665	1.0028514242016084
42	2854	Unknown	4.066362139990436	8.995273719839483	-2.2837504500592822	-1.7559721597796714	1.001337084346196
37	2672	Unknown	3.8623601247039976	9.705690402632326	-2.280857406188763	-1.6087771405097977	0.9997493668346809
36	2645	Unknown	3.9864401353706613	9.30795982307472	-2.3009966173934946	-1.5948861065082502	0.9998903681427623
43	2857	Unknown	3.940418080056776	9.409334833851345	-2.299620026546878	-1.5785632871762145	1.0019099477720068
44	3010	Unknown	4.003778979181976	9.011648865285414	-2.285590695709679	-1.7516677346175054	1.000493507125358
39	2724	Unknown	4.007304950600454	8.953812400054183	-2.3053223109271133	-1.5937978307696905	1.0000084356111112
35	2596	Unknown	3.6338367103212392	9.984638651086376	-2.2853280688877233	-1.5018666677685397	1.0023777994467173
41	2785	Unknown	4.0560329219853966	9.089487666975952	-2.299634178932097	-1.6265971601035558	1.0005734327087177
40	2745	Unknown	4.0234836966675696	9.292729066525176	-2.2752242673868963	-1.751748206423971	1.0007656348331793
38	2716	Unknown	3.9121970255988514	9.329498228506244	-2.273651253232557	-1.7397323421640067	1.0003728842767416
45	3014	Unknown	5.718989011705304	9.40823903928981	-1.6834529913402925	-1.5845689208765668	1.0005335215102855
47	3123	Unknown	3.6454786226212863	10.024297519644183	-2.2754630365338278	-1.5880531415631864	1.0007542613811837
48	3174	Unknown	4.014035088321856	9.249022474331959	-2.3038035187086803	-1.5980516878250177	0.9996901836818103
46	3055	Unknown	4.207812865187762	8.898754638022623	-2.2718492326576314	-1.9204970947275326	0.9996532048555898
50	3345	Unknown	3.486507592417784	10.304242026739177	-2.2799505549613355	-1.4695023456866594	1.0000149344156273
49	3320	Unknown	4.452791124061001	8.280320239838474	-2.3172306617420575	-1.72814516066487	1.0014239233902358
52	3397	Unknown	3.8431133862479303	9.377101481493666	-2.3044236222642063	-1.4848461940207796	1.0001258139101659
53	3437	Unknown	3.863647476449548	9.593000755326702	-2.287912562217595	-1.5904208809936404	1.0008010275164316
54	3439	Unknown	4.108966292530659	8.976954374735346	-2.2869785212497202	-1.7518758451303669	1.000269594006373
51	3377	Unknown	4.111647882900464	9.059542672537916	-2.2872381573079443	-1.750854908269878	1.0009270074132532
59	3766	Unknown	4.081446177274485	9.097970511603645	-2.2861589026529843	-1.7498462008614906	0.9998381107801159
57	3638	Unknown	4.046965757482938	9.040467020689325	-2.302693201392702	-1.6078593582143212	1.0023510302417082
56	3581	Unknown	7.561589791990751	8.062046684076467	-1.7983090369462689	-3.793912266169274	1.0003155873898377
55	3504	Unknown	3.8523313316410475	9.282860266283166	-2.3080868641763876	-1.4898034719575521	1.002884488967991
58	3647	Unknown	13.249229048138425	9.140453945801571	-4.724113020122872	-1.6228150244484911	1.000163946661651
60	3779	Unknown	3.8906248843262947	9.151851818423507	-2.2970058131428015	-1.6218419077435593	1.0014840084124823
62	3928	Unknown	4.821974586515281	9.350206703520362	-1.7575944159154497	-1.6058178030336616	1.0008876743904882
63	3953	Unknown	3.8405964621026456	9.451867577404299	-2.2646742660465966	-1.754373724345696	0.999831115512578
61	3898	Unknown	3.848785200719065	9.460950942114385	-2.2686527308994178	-1.749538400394636	1.0013136413408605
64	4012	Unknown	3.8465219190621034	9.447884381680959	-2.2922729506438775	-1.5776674198386658	1.0001820776903465
65	4154	Unknown	6.433504512764231	9.840693057686659	-1.8085162124130045	-1.5832023664158776	1.0001245374091856
66	4168	Unknown	3.7942730310334314	9.561471371968688	-2.2803891457837353	-1.6143712741343466	1.0002948330327743
67	4179	Unknown	3.9472910251256734	9.321393751834375	-2.276352806072867	-1.7443822237642757	1.0000956374275196
71	4398	Unknown	11.69115671164105	8.799656318089136	-3.7625929357906074	-1.739819984605417	1.0001644960211846
68	4250	Unknown	3.4390397047670165	10.404074258944396	-2.2778736631933416	-1.462240965160733	1.0000736698614416
70	4380	Unknown	3.901024507795299	9.251941596155133	-2.2971809468284725	-1.5925727828984289	0.9998905450175625
69	4296	Unknown	4.20453948375596	8.723795395567157	-2.2813670236667227	-1.9114471421984365	0.9996443517819004
75	4907	Unknown	4.4288924862305965	8.304875586623213	-2.2912595653903907	-1.9151696081306187	1.0005927108938675
72	4461	Unknown	4.1949022671180565	8.722626578286125	-2.296492373397731	-1.7365099348929436	1.0028570480852848
73	4492	Unknown	3.6966664429697356	10.047242843328313	-2.272652980875447	-1.5902637620475217	0.9997483085434088
76	4981	Unknown	4.967044117772008	9.359437790363135	-1.7665902425672568	-1.6036556313553791	0.9997469285633329
74	4707	Unknown	4.160326753860771	8.817930540995233	-2.2744377555318445	-1.9170180833116186	1.0002555007577965
78	5076	Unknown	4.0647943063546474	9.22183719263881	-2.281465242300513	-1.7513391705908323	1.001131542381126
77	5052	Unknown	3.909452657079696	9.371906819283772	-2.2558055570681232	-1.9065304327068213	1.0000203704058888
79	5159	Unknown	3.7960046215008028	9.480076557977538	-2.3062540343721474	-1.456103190965597	1.000403359218679
80	5178	Unknown	3.634009523521677	9.8966170825646	-2.2923179111637517	-1.4640949058862673	1.0005772410632727
81	5241	Unknown	4.179414435968379	8.881950492759609	-2.2706050465543535	-1.926149655310813	1.0037082272178188
82	5295	Unknown	4.027690441908425	9.145487809292213	-2.2804672945194557	-1.7476934166787852	1.0002464220804785
83	5357	Unknown	4.061663700589917	9.039515968254403	-2.2848931822731764	-1.7453482263353217	1.00220693943569
85	5598	Unknown	3.91809290250038	9.341762135121336	-2.291856150302347	-1.6063658156710496	1.0011453581114804
84	5513	Unknown	3.7691389333274383	9.617938889229654	-2.2621653779277464	-1.7362232627820178	0.9996829033381898
90	5949	Unknown	3.8865249945316025	9.568521554640052	-2.2894574502334124	-1.5970207305882063	1.0001578636057054
86	5620	Unknown	6.962708404974622	8.948220216251041	-1.7911675964631133	-1.9140070881306028	1.0011734564648658
88	5866	Unknown	3.93916310286935	9.090567563341699	-2.3189143826142544	-1.4613930226152645	1.0011298773740538
87	5624	Unknown	4.014260261649407	9.250036339929606	-2.2811136201825013	-1.738969313984717	1.0003191061851893
89	5943	Unknown	3.8440130183362857	9.393785864604979	-2.2893618825553532	-1.6110781733265165	1.0006155514181718
93	6137	Unknown	3.670219448680461	9.80067830510742	-2.2940401320444743	-1.459737663871388	0.9999502387850242
92	6131	Unknown	4.36332382132219	8.516406720485788	-2.2874896542154586	-1.9442920415093508	1.0012075588517992
91	5961	Unknown	3.990437263387276	9.271481939482165	-2.275969654630827	-1.7435845760890945	1.0008690157127922
97	6282	Unknown	4.272838375616823	10.5899188443444	-1.7266066822523096	-1.590974167992852	1.0000430319185216
94	6173	Unknown	3.8843566643464658	9.450475814236443	-2.2882885890965188	-1.5976854889335155	1.0006722513624409
95	6199	Unknown	4.076312405856041	8.905641622211448	-2.2912210901879773	-1.748097047836639	1.0019481724375252
98	6284	Unknown	4.102167831142305	8.938727753068463	-2.288351933901346	-1.7308504980585913	1.0018430227065283
96	6249	Unknown	3.8593452948363267	9.213429970090997	-2.315743639789973	-1.4652083806083933	0.9997399734441392
99	6727	Unknown	4.10709948100525	9.002259751944184	-2.2896343643257264	-1.7335402921760734	1.0004775794733864
101	6958	Unknown	3.6691679245056603	9.898943710083845	-2.2891302897566974	-1.4932985747783598	1.0002023148703822
100	6827	Unknown	3.99777205580144	9.171422760523209	-2.2819206544012305	-1.7304825741350078	0.9999478343602959
102	6967	Unknown	3.9135576303097177	9.438984530327708	-2.290787600502411	-1.599977220439136	1.000162451660287
104	7067	Unknown	3.948851955031139	9.329960178152731	-2.2888228155966637	-1.629641860692981	1.001205530992607
103	7025	Unknown	5.017051376132517	8.917196929397566	-1.7509215415722013	-1.7361364283367786	0.9999888190738659
105	7200	Unknown	4.02900685563432	9.286676486946442	-2.3013128879391216	-1.6092065915404272	1.0018516771029262
107	7298	Unknown	8.111220784162544	8.726383149133678	-2.083944368925787	-1.7560384666006048	1.0015352650364209
106	7208	Unknown	3.6982710038996287	9.679127781564391	-2.299108618377975	-1.479790978229012	1.0021257905125764
108	7341	Unknown	4.158787351038219	9.034901365439119	-2.313028848284356	-1.609705124786693	1.0001223643731583
109	7564	Unknown	6.125950140841234	8.78213411235576	-1.6522229871132632	-1.9300532283921452	1.0009069749487665
110	7626	Unknown	4.081089327109185	8.965233932290786	-2.2613329855143496	-1.9448539475271758	1.0009863510361994
111	7769	Unknown	3.7906861212173735	9.467042443379281	-2.284585419583426	-1.5988924304763592	1.000503598790151
112	7829	Unknown	4.983013862832172	9.120575252047303	-1.762622054119741	-1.612349399307182	1.001432361370028
113	7915	Unknown	3.9326385164812465	9.4534633296587	-2.290554222600841	-1.608142038103742	1.0029938450817624
114	7983	Unknown	5.505955506160987	9.797809037233002	-1.6713534057105788	-1.5711091334793696	1.0020558148039072
115	7987	Unknown	3.693938621231775	9.932819895306709	-2.275474716620533	-1.6104666832868306	1.000866537675851
117	8339	Unknown	3.693385425043936	9.745683479089983	-2.2937626246682274	-1.484037065065685	1.00164176303357
116	8296	Unknown	6.5700776913673815	9.590024919688094	-1.8085716892390402	-1.6152897638399457	1.0027569254552011
119	8416	Unknown	4.069506572192918	9.194857917408092	-2.2804291968744264	-1.7498175102628641	1.0023553954405013
118	8341	Unknown	4.008729056099987	9.302705308742347	-2.2761245259097524	-1.742370310667303	1.0004256326193526
120	8418	Unknown	4.156289360882387	8.985826317525287	-2.2695377544028443	-1.917438975612447	1.0008296461399828
121	8743	Unknown	4.077487799247471	8.867810375730388	-2.2704573875177836	-1.9011023498420665	1.0002691403933301
122	8873	Unknown	7.333377679905039	9.84033373795012	-2.0697008453348924	-1.4652274298854355	0.9998339663923657
124	8922	Unknown	3.726970137244068	9.631399525626621	-2.281151158032667	-1.57793995088146	1.0020264255091522
126	9062	Unknown	3.737979795744806	9.801617336533155	-2.292239358732788	-1.4827893074990108	1.0001439162023167
125	8963	Unknown	10.227699998000933	9.420393800835354	-3.249164548386881	-1.6282520333745194	1.0006462886625775
123	8911	Unknown	4.178750890810457	8.88652158462346	-2.294523067849727	-1.7487290510248306	1.0031128456038545
127	9271	Unknown	3.934951273231283	9.355028466968982	-2.2773620434735524	-1.7315659967031312	1.0017177993711934
128	9491	Unknown	3.687760306183434	9.708331464320292	-2.2997338132104073	-1.4607791312307177	0.9999850167490578
129	9529	Unknown	3.7539756391111054	9.597860656201618	-2.2968755571950763	-1.495878463671935	1.0000608190730829
133	9640	Unknown	6.5560001884796595	9.685346430856434	-1.8259158728910432	-1.4759000036160457	1.0005658239354143
132	9618	Unknown	4.307100439298418	8.748093291153879	-2.282592923899523	-1.907342862600809	1.0013642852895321
130	9564	Unknown	3.6233804763038213	9.927139220220935	-2.2895796931606083	-1.469517882943744	0.999850258177524
131	9615	Unknown	4.002928318741038	9.146564915939884	-2.2800741912692315	-1.7443571071919637	0.9998902691715517
135	9661	Unknown	12.048930569394777	9.474933282862104	-4.139045085512816	-1.4816174458998042	1.0004227212463523
134	9646	Unknown	4.134862576517471	8.972440615629614	-2.270436222259141	-1.9192653038035177	1.0005515397735945
138	9950	Unknown	4.087537557311529	9.023505194154794	-2.2668579631024808	-1.917103888425813	1.0015483591494463
137	9926	Unknown	3.9446783394146854	9.329353395997924	-2.277284797096683	-1.7342147627271456	1.0003376257932843
140	39	Unknown	3.9101220454047643	9.528869962918725	-2.2813966434221338	-1.696928734726294	1.0027153113444005
136	9846	Unknown	4.047367080796335	8.968466113873136	-2.3031667641975506	-1.6000905940815038	1.0003755810606187
141	49	Unknown	6.469271495603898	9.817136883848544	-1.8213634450108183	-1.5352645273700942	0.9997879606322176
139	15	Unknown	16.772886429049727	8.204209021117455	-6.66742374577806	-2.452742264044473	1.0001515433069565
145	196	Unknown	3.9166858680900805	9.227133219545845	-2.3009326860868944	-1.6214714731713507	0.9997560927578096
143	163	Unknown	3.566172124846672	9.967996979140525	-2.293162652432198	-1.441042697554399	0.9997894401949015
142	123	Unknown	3.9820879358470833	9.193025228716728	-2.304727140843679	-1.5734156719913759	0.9999307104811522
146	227	Unknown	3.8451310398158163	9.471689250360267	-2.273288720267957	-1.7167697434277478	1.0011361305480033
144	166	Unknown	7.203524787874996	10.123669452528798	-2.0678006669227496	-1.538178735266817	1.0011068297214465
147	260	Unknown	3.6767043961505594	9.866033049550316	-2.286278084731982	-1.5475649347180114	1.000720429719365
150	380	Unknown	3.822327894729365	9.405811441066701	-2.270310469790784	-1.722542178947154	1.0005177234023124
149	341	Unknown	4.083400603336731	9.2429207853585	-2.2602948113953776	-1.9309417416080807	1.000369401810859
148	318	Unknown	3.7900126446018487	9.520591485752792	-2.2639452351954366	-1.7271587389075107	1.0010803482358714
151	402	Unknown	4.015042685339567	9.04413614936095	-2.2882293822740243	-1.7393778272240645	0.9999424982656211
152	410	Unknown	4.193994902915788	8.828174792009277	-2.2809384961111707	-1.9264891791377352	1.0004768010351013
153	415	Unknown	3.6700964091855672	9.925198960553965	-2.3020396927476776	-1.425637550102595	1.000786404547059
154	456	Unknown	4.144212989769971	8.733746227068456	-2.3036031608149896	-1.6940848072013681	1.0012254305161028
156	646	Unknown	3.8818255320802755	9.310463576433119	-2.311516341168	-1.4660268190317292	1.0002745411274179
155	588	Unknown	3.627406137605849	10.039108238315661	-2.302726453682656	-1.4069328820707308	0.9999690644007032
160	1017	Unknown	3.8245240704244496	9.352115088268008	-2.3219073369126155	-1.4040910955878663	0.9997900782217621
157	656	Unknown	3.6700067534584133	9.965621400342675	-2.265651847977327	-1.7169729929198119	1.0048368987583716
158	923	Unknown	3.4376177162354753	10.607779344455807	-2.26225813223769	-1.5806091279286432	1.0008277782944266
159	942	Unknown	4.057656619439962	8.966467892584395	-2.273717105798335	-1.904681819676533	0.9998713839207348
161	1052	Unknown	3.742687333277519	9.674514264475837	-2.2889179678660376	-1.562750390292265	1.0012820252165682
163	1132	Unknown	3.5572381010847027	10.031169199401921	-2.3086173089166926	-1.3789995386876013	1.0008684778036776
162	1095	Unknown	3.6624951072162095	9.780431773620721	-2.2977197846387147	-1.456607662862021	1.001650944032412
165	1329	Unknown	4.196038619888457	8.809855789036018	-2.2805584979974665	-1.903766119014823	1.0006948095667996
164	1222	Unknown	3.670046825258891	9.76128252910463	-2.3093436974491306	-1.4041681728005149	1.0006972031516792
167	1552	Unknown	3.7695633709845215	9.534011017831794	-2.2846797883682757	-1.5947728620029167	1.0003322971600077
166	1527	Unknown	3.778991071145224	9.65581836407829	-2.287289561895376	-1.5742229645587673	1.0016144310023343
168	1653	Unknown	8.488324092344383	9.289916074973094	-2.414581389537876	-1.736923524196806	1.0000016191909207
170	1740	Unknown	3.850749982309597	9.598581969417419	-2.2764444104432267	-1.7125527696097136	1.0000463666947712
169	1679	Unknown	4.008317512903539	9.20202832184877	-2.279072712826988	-1.7539452410205008	1.001950900963207
171	1761	Unknown	3.826927077589976	9.483303937817563	-2.2894905547500675	-1.5883318951054826	1.0006694122050326
172	1804	Unknown	3.52102077801485	10.32714182731897	-2.3059595116392693	-1.3440896394928814	1.0005600307358946
173	1990	Unknown	3.709712115876984	9.919512808408323	-2.2980328774695282	-1.4510722964063518	1.0003990492991142
177	2360	Unknown	4.495237455178902	8.195343677301736	-2.2989723385319962	-1.9068549463540685	1.0003143504938592
175	2194	Unknown	4.204250187889988	8.846096302510306	-2.274402668820427	-1.9277746743781696	1.002054338823299
174	2152	Unknown	4.003395586430974	9.121082792796903	-2.286101262309737	-1.7143628914213065	0.9998262454941027
176	2281	Unknown	5.810931695129552	9.173907746721463	-1.6375312315094144	-1.9318245527811546	1.0008807655860508
178	2363	Unknown	4.0764468923947925	8.933358858160114	-2.290244082220035	-1.7399491818270174	0.999649117207662
179	2418	Unknown	7.1280206601213045	8.879576517800913	-1.8219057483151926	-1.7431564728677749	1.0000094550118135
180	2554	Unknown	3.90887848519197	9.5141003390869	-2.2602479161911733	-1.9081988194418178	0.9999092107036158
181	2578	Unknown	4.172850833992051	8.927244891016525	-2.3006411482563656	-1.7253934933017943	1.0013084425645296
182	2613	Unknown	4.927559191886221	9.216361949324657	-1.7480412011428115	-1.7119114016868295	1.0008504886065717
183	2614	Unknown	3.6738957635399383	9.9564544882299	-2.3001346100565105	-1.4283306784496406	0.9999724199316427
184	2637	Unknown	4.030127667625114	9.171116299569915	-2.2678422716936604	-1.9151473281223623	0.9998526867417202
185	2647	Unknown	4.179457348616877	8.780477618736432	-2.280781075102674	-1.9082214683298389	0.9998962515699368
191	3173	Unknown	4.168750425084665	8.824310359841645	-2.2765059501571705	-1.930785440150257	1.0003321076196363
186	2682	Unknown	4.0132265964589315	9.125055727695724	-2.2878389988370658	-1.7028638325924212	1.0033771456621043
187	2814	Unknown	3.9257595503395253	9.163803106821833	-2.2831542878597553	-1.7219907191418289	0.9996724524018484
190	3050	Unknown	11.65726004978648	8.827105479958734	-3.7940123567563013	-1.9087709447047323	1.001656035359928
194	3247	Unknown	4.1057642279521405	8.963642316505732	-2.268626520318541	-1.9300839462226955	1.0018502393049051
189	3047	Unknown	3.8792863684870946	9.34595133367766	-2.2813366982960535	-1.6953997393399793	0.9998094568137842
188	3006	Unknown	4.316961296403799	8.649181093538632	-2.2875901759408688	-1.937736977089984	1.0015941023930857
196	3525	Unknown	3.778472986410468	9.666861598387703	-2.267260313518268	-1.7351073637082546	1.0010513332777895
195	3298	Unknown	3.656794023378813	9.868023521854855	-2.3017571275844073	-1.432366069903806	1.0026140074298537
198	3594	Unknown	4.285670154358761	8.64534468549083	-2.2871780032245352	-1.9166471592375847	1.0001141192586778
192	3190	Unknown	3.377650362404358	10.363874957469173	-2.2868632172516277	-1.3783945666437543	1.0002036501531562
197	3548	Unknown	3.6326021403917887	9.97301754742463	-2.301139734878028	-1.4233905787651628	1.0006187883895161
193	3228	Unknown	3.668325471872958	10.062127517303592	-2.2779564840834676	-1.5463841846883892	1.0028766294677518
200	3702	Unknown	3.6492109742381453	10.018724052007762	-2.2617085542535786	-1.718193998634329	1.000541838216214
199	3635	Unknown	6.028212298428699	8.967900305827083	-1.7020610645974772	-1.5621082235530503	1.0034608422710292
201	3740	Unknown	3.525843858190777	10.400934177788109	-2.288740327218642	-1.4123834590987991	1.003563870603714
203	3982	Unknown	4.04750198852022	9.14435972638469	-2.2847773540018776	-1.7458698044226122	1.0005166701934343
202	3853	Unknown	3.4669402876022763	10.564897357727506	-2.2981000025251546	-1.3449963230654554	0.9996999438468746
205	4193	Unknown	4.613712874393793	8.158493014804105	-2.3148069404578866	-1.9196517891452316	0.9996059913314327
204	4032	Unknown	3.9734047261150547	9.169628093528704	-2.2922360015035066	-1.6926468017746483	1.0007484367053778
209	4431	Unknown	4.1205593778712	9.012289991198543	-2.269915324607913	-1.9295038953954864	1.0014820241294011
206	4200	Unknown	10.133459482834333	9.653252677180966	-3.214030686532932	-1.5402929172509168	1.0006786095664593
211	4588	Unknown	4.1757020472992075	8.922741835463155	-2.272074328401054	-1.9262485815977455	1.0003312849728268
208	4385	Unknown	9.11489357281785	8.686445214855583	-2.439103206636526	-1.9333709326761632	1.001642067874102
210	4509	Unknown	3.6843839005640535	9.707664273042269	-2.288961719487958	-1.5414629562145754	1.0017619231467227
207	4312	Unknown	3.76510495515613	9.875284826571962	-2.2648925657917482	-1.713228883429725	1.000091486540731
212	4646	Unknown	3.7762999099226273	9.696990639376414	-2.2971584686705677	-1.5307573116812854	0.9997210386206093
215	4866	Unknown	3.936889796801812	9.207882977683488	-2.3094998212448687	-1.53431017494403	1.001635222200461
213	4826	Unknown	3.488856287848566	10.443955740793292	-2.2892140892301773	-1.420738378250758	1.0013830591892445
214	4847	Unknown	3.7803758944918493	9.6471961001018	-2.2704530252368778	-1.7125421756710364	1.000408575179483
216	4912	Unknown	3.335889597828707	10.779670338582514	-2.278493933472658	-1.4206312765180724	1.0043098032908435
217	5181	Unknown	3.621906025428814	10.016827985772014	-2.2762801670070285	-1.579373738302807	1.0001305436430745
221	5489	Unknown	3.5486842252212214	10.348012432224992	-2.286824461873572	-1.464095522962716	1.0013120199680756
220	5461	Unknown	3.8383469347684573	9.547038889681723	-2.296440632314454	-1.5489666217517717	1.0008706981874764
218	5319	Unknown	6.534611331160024	9.643438942383233	-1.7690725798156341	-1.9200773585093664	1.0017325787245392
219	5365	Unknown	3.7286269335566367	9.74342670989867	-2.261695486617424	-1.7459634840373621	1.003411604264431
222	5541	Unknown	5.534794516549481	9.706191214983987	-1.6588809759149932	-1.6975121390722843	0.9998476920670711
225	5665	Unknown	5.803733306611291	9.24903883098533	-1.6405817700767873	-1.921213222352551	1.0005395667965755
223	5590	Unknown	3.8675020283078583	9.527828980157615	-2.3183284578995638	-1.4381556449353083	1.0006676304516857
224	5595	Unknown	4.1668199472905725	8.885742886951917	-2.2731225245178863	-1.914967080686367	1.0024641206878568
226	5722	Unknown	3.9313556628881083	9.159737749181598	-2.2821313456361816	-1.7311340450544304	0.9999878363769094
227	5737	Unknown	3.584026810696738	9.994770350899973	-2.269637999956221	-1.5689877145714448	1.0010387206102391
229	5798	Unknown	3.6674438933999003	9.763276595844125	-2.314530328678212	-1.3837281587084327	1.000034898740097
228	5767	Unknown	3.866297086642077	9.40559687359754	-2.3126784110039376	-1.456652693735998	1.0004673279975926
230	5921	Unknown	3.45074771028923	10.561423951084551	-2.284680168099221	-1.428249817336432	1.0018929139449535
231	5935	Unknown	9.046726617776216	8.751856723334848	-2.436962547224796	-1.912762890025018	1.0012055962142428
232	5989	Unknown	3.88865867135928	9.402924154526815	-2.2961979080875454	-1.5730343760481589	1.0008647615490018
233	6037	Unknown	9.556983332221405	9.03126637384154	-2.8269178752420445	-1.7200130505942428	1.0022473751903538
235	6160	Unknown	3.932362999930116	9.232792948227013	-2.2809977996431376	-1.725966445405255	1.0016440432647389
237	6260	Unknown	3.7822983413365985	9.655246932317265	-2.2926925878774256	-1.5428270043077794	1.0000143146291292
234	6149	Unknown	4.077934843799529	9.044594348024921	-2.2913709947751544	-1.7177518460417098	1.0012640957750125
236	6258	Unknown	3.8941393388244983	9.572245211531403	-2.271079340120024	-1.7180516863965958	1.0035505594780665
238	6448	Unknown	8.12415501566997	9.958639176503972	-2.3938625131758657	-1.4615957831106372	1.0012020517024391
239	6491	Unknown	3.6875301806203895	9.783246148518911	-2.282181360073049	-1.5580577811439338	1.0018763596256504
240	6672	Unknown	3.7975768970658326	9.628672561203306	-2.2825997477048845	-1.6647321874695367	0.9996912764940484
241	6852	Unknown	4.010590533185924	9.32695867279436	-2.262011119359533	-1.9182548528804544	1.000963802175994
244	6911	Unknown	4.403217738313667	8.547848233741362	-2.3000035523143243	-1.904765853172097	1.002611724082634
242	6880	Unknown	4.479295838466748	8.364292395732473	-2.2978188359994256	-1.9231216845323236	1.0002448815219995
245	7039	Unknown	3.882394466758674	9.305933161549786	-2.277704890881112	-1.7173705577109648	1.0015860524141649
246	7055	Unknown	3.772262382521355	9.44979828797533	-2.296076892092018	-1.5623665744278947	1.0012845621490927
243	6887	Unknown	7.090013562906272	8.815002291616862	-1.8466925288572238	-1.5512448251183393	0.9999531065173107
249	7228	Unknown	5.451528365687427	9.869378593621766	-1.6649438348465813	-1.5934499300179548	0.9999266978231054
247	7084	Unknown	3.62410832578912	10.01129582933152	-2.2965826644211886	-1.4307722629376842	1.0001298072328937
248	7085	Unknown	8.532240449921966	9.436304338481277	-2.411671823291563	-1.582189174410228	1.0000665514087
250	7373	Unknown	3.7727045520302327	9.731354063924048	-2.2673468114819224	-1.7268810695998056	0.9997266514072705
251	7386	Unknown	3.9483961166499904	9.313951676364045	-2.283680787723104	-1.7007111384072582	1.0013619403792942
252	7389	Unknown	5.49889875548346	9.883266373079927	-1.7048168589643176	-1.4242827915118708	1.0001848932071342
254	7418	Unknown	3.9713285262561957	9.1771978165174	-2.2863279274768686	-1.721289856903084	1.0000655950324857
256	7619	Unknown	3.9593175733747406	9.186488567139282	-2.283411504507305	-1.7334976376792683	0.9999485688434423
253	7409	Unknown	3.7227333620826095	9.625492552005865	-2.312800881299274	-1.4034748731329432	1.0013803138408004
255	7540	Unknown	3.647052591433574	9.795638263649721	-2.2970812977761295	-1.4552869190463498	1.0000627753345817
257	7620	Unknown	3.7207230269056653	9.757146339517242	-2.3013101802193536	-1.4536705100052532	0.9996068598979951
258	7638	Unknown	4.077044710930706	9.04834670512562	-2.269082918982188	-1.9226110858911973	0.9999111102743358
260	7772	Unknown	3.741593105012712	9.824808263875875	-2.274415259648593	-1.6848652417519154	1.0005070904406996
261	7848	Unknown	3.8022348322722976	9.632079568005981	-2.2781491006746153	-1.695474201356988	1.0004816628951387
259	7652	Unknown	3.6744227286261535	9.809546020734594	-2.2826584596179615	-1.5506211237214351	1.0017147312178374
263	8050	Unknown	6.868916073101465	9.168988282930654	-1.828192987215822	-1.5790867922169265	1.0013284968599014
264	8265	Unknown	4.806576865161418	9.520023317898172	-1.784853341713843	-1.4565390632438509	1.0009812987201785
262	8009	Unknown	4.316557194182849	8.451068068452619	-2.312202141427719	-1.6961189442893474	1.0011905189359491
265	8327	Unknown	4.034375768093109	9.079258853092371	-2.2637708810082104	-1.9147794538287566	1.0020999930168415
266	8334	Unknown	3.663516108574084	10.047352430149585	-2.26296922929157	-1.7165929108121531	1.0000024157726914
267	8363	Unknown	4.074379815039214	9.013983481198265	-2.2790615999368855	-1.8838909368863686	1.0001070188170913
269	8548	Unknown	3.774255724927806	9.63677674677284	-2.2725305045754194	-1.7191774820806305	1.0000989438998873
270	8667	Unknown	6.746280607056442	9.452517043239302	-1.8311015144764449	-1.5340963481423455	1.0004433554434415
268	8490	Unknown	4.0899418658268	8.936809923168287	-2.2691393789928074	-1.9158317124920887	1.0037585739096422
271	8696	Unknown	3.934063197170124	9.18253861719792	-2.3241799159617056	-1.4257194190692009	1.0007787840792863
273	8851	Unknown	3.9946956559450384	9.058705937097097	-2.2628325623176213	-1.9141499704090188	1.0008032998370224
272	8710	Unknown	4.188401337480761	8.768260640330958	-2.279764411560752	-1.9323207753740812	0.9998756305955799
274	8863	Unknown	3.334130500946638	10.688699926869836	-2.282098024313457	-1.3981763995657739	1.003119209226411
277	9266	Unknown	4.132565865797348	9.171404163575033	-2.267039234164127	-1.9162144740865974	1.0004401208692364
276	9132	Unknown	3.6641636834701687	9.929937481266167	-2.2934161027602413	-1.4900476774686051	1.0003093231465356
275	8996	Unknown	3.9510173744125447	9.219561424813486	-2.2868866305148434	-1.7082788464075052	0.9998398141009123
281	9385	Unknown	3.9651967737342737	9.295883762720512	-2.2807264073207785	-1.7286627507833672	1.0010117946258095
280	9376	Unknown	4.042613269641511	9.239113838883615	-2.2657090982457726	-1.9132067845604375	1.0031793713912478
278	9293	Unknown	6.496112620490398	9.70811817197235	-1.8322941013367235	-1.4464262196812558	1.0023273677416362
279	9295	Unknown	3.916143252681089	9.40874127876907	-2.2764255741333623	-1.7193716898588214	0.9998062488697069
283	9506	Unknown	4.589066095375847	9.920768404720238	-1.7719089319807115	-1.451401110216734	0.9999409150965016
284	9561	Unknown	6.923833691082863	8.857571961072397	-1.7926502206797803	-1.9292299001118798	1.0001901373121884
282	9411	Unknown	3.516287654072475	10.387841669990394	-2.2851890056484727	-1.448100623679135	1.001408398847917
285	9628	Unknown	3.938595086894385	9.172400426089878	-2.2885094861056645	-1.7084983483532588	0.9999215093125965
287	9705	Unknown	4.2520785537343695	8.712842430381409	-2.3035196015030794	-1.7258296786239782	1.0002181184984225
286	9630	Unknown	5.130044640359139	8.9019247809213	-1.7626637918093229	-1.702407197539485	0.9999370796934498
288	9720	Unknown	3.9608786801367857	9.030676974257153	-2.2926305521246366	-1.7078163319371549	1.0000189356357634
289	9857	Unknown	3.892132322248887	9.501276078789612	-2.296935640789388	-1.572000615844265	1.0005519756107035
290	9954	Unknown	3.956573408559874	9.26585433665178	-2.3081421489402056	-1.5530789647836893	1.0006968398837344
292	2425	Unknown	3.910690584019854	9.381280547445408	-2.270241469352073	-1.8707722899017258	1.0010075772889977
291	816	Unknown	4.047577873876648	8.97712406862372	-2.2812778311389788	-1.8613575880546918	1.0025774158967633
293	2715	Unknown	8.889967539099825	10.360099601564075	-2.755133834608353	-1.403584778692678	1.0009153734450413
294	4301	Unknown	3.722163120991948	9.84505110116159	-2.2813722440906443	-1.6406181351903737	1.0005603511707073
296	4612	Unknown	4.333467927187066	8.889175016119804	-2.2946854290359733	-1.8955338841155396	1.0005952892075902
295	4322	Unknown	3.8214996783443542	9.52425215205191	-2.305864397834615	-1.5503713740908964	1.0005465961071525
297	9706	Unknown	3.9623892975282917	9.325120581673872	-2.270193562119176	-1.8774452873688274	1.0004864850759296
298	9812	Unknown	3.3455948861608005	10.479280957045507	-2.271337106876854	-1.454945534217987	1.002079027922329
300	162	Neutral	4.1072522213489755	10.954565185121963	-1.787056924714125	-1.2415285129812914	1.0002142579461935
299	147	Neutral	3.252305217528918	10.828853803797676	-2.367967753537313	-0.9788829915051638	1.001490878005518
301	191	Neutral	2.996012980206413	11.504427519398385	-2.380054367533207	-0.8772929401538143	0.9998491590668258
302	266	Neutral	6.363410574467033	10.401398371679033	-1.8855394311068192	-1.0756367153032105	1.0028967042764354
303	315	Neutral	3.113559569251677	11.39611914860307	-2.3422082971732707	-0.9992744513508288	1.0001525019347057
304	720	Neutral	6.215288228438667	10.44618161060631	-1.8248192344120726	-1.3581646356559278	0.9997821132495157
305	778	Neutral	3.420204215877162	10.37455051994644	-2.320131960167385	-1.2181058741483193	1.0003238304981725
306	998	Neutral	3.6022327010811157	9.783879986430014	-2.327990362017112	-1.2739979394502945	1.0006936836420002
307	1200	Neutral	6.1009079204463115	10.91675725977047	-1.9119655622391454	-0.9035011610285015	1.0010087703634074
308	1338	Neutral	3.5673593801118866	10.015503446284052	-2.3232681860050373	-1.2662296189476212	1.0010772113846622
309	1460	Neutral	3.316411362518536	10.554263687412748	-2.344338077993871	-1.090529506231281	1.0012247634382845
311	2294	Neutral	3.4682649460037913	10.406412609333685	-2.3011218233313953	-1.3360831655623464	0.9999147908110811
310	1726	Neutral	3.6209737660752497	9.85989830934353	-2.3141698109431816	-1.3387597755578806	1.000647790838791
312	2477	Neutral	3.6084831629128304	10.15498376528842	-2.3005375519547555	-1.3702722250344563	1.0000276891349418
313	2576	Neutral	3.1034302781391823	11.40556366717896	-2.3348000824676665	-1.0414862938541105	1.0009989326744524
314	2759	Neutral	3.4434774776582993	10.445157025620775	-2.3022587681567304	-1.3039023384009087	1.002101140384307
316	3160	Neutral	4.463742271569706	10.277287281788531	-1.8117030148561688	-1.2450570724048526	0.9999581317626421
318	3669	Neutral	3.8219626262707562	9.385170971213759	-2.326426649795245	-1.3574541305300893	0.999762905109508
320	4019	Neutral	3.6009621794453253	9.774008144553324	-2.3160648343143593	-1.3602044977256347	1.0006595988670555
315	3110	Neutral	3.2336872283708193	10.927133791328865	-2.3229050762914665	-1.1378882118867846	0.9997950904488575
317	3311	Neutral	3.501592208293089	10.1568087149842	-2.289020382307763	-1.3907152549363504	1.0006263986564425
319	3943	Neutral	3.7413386520528142	9.92304127611782	-2.3192753280469867	-1.3578156152620164	1.001073816335456
321	4207	Neutral	6.567535295796897	11.310824113264363	-2.0615743134752775	-1.1583301450328847	0.9997173691549205
322	4258	Neutral	3.508114386052222	10.175303146908865	-2.3129281451985	-1.2867602556874655	1.0007486510929628
323	4353	Neutral	3.173521500336638	10.978481908706646	-2.3530962133072477	-1.0090062700909956	1.0023537117490684
324	4451	Neutral	3.2388699382718147	10.801002481095571	-2.3169565654505146	-1.1603322839569945	1.001756603363172
325	4538	Neutral	5.769751814297597	11.316437361384642	-1.8282210513074006	-1.2248309435974911	0.9999236832598171
326	4658	Neutral	6.966799076418856	11.24717166337217	-2.1014652035475407	-0.9411431652162358	1.002175413551976
327	4702	Neutral	3.7607806130094668	9.565964299370243	-2.315270905875772	-1.384485651991841	1.0004575706327983
328	4781	Neutral	7.014593564121391	10.777743081015135	-2.079283307253632	-1.1494193855214734	0.9998355590989988
329	5224	Neutral	3.469895633840406	10.372932143843963	-2.2955144718314293	-1.3693047170589034	1.002244767284491
330	5371	Neutral	5.010874120938708	11.26037387518113	-1.7707400555941	-1.0074368463435528	0.99972254489513
331	5853	Neutral	3.3660778398079936	10.70522613334212	-2.3003705849431757	-1.2909882477786443	1.0006670822180397
334	6369	Neutral	3.3839635675409587	10.472045334898139	-2.3231651953644556	-1.1906826039573828	1.0010766856569413
332	5871	Neutral	9.900335741727952	11.266085340766844	-2.9858354175844104	-0.7881083835595627	1.0004379845786648
333	6304	Neutral	3.5809249543087436	9.861039344488395	-2.322297241878071	-1.2980650307358772	1.000948459718528
335	7166	Neutral	3.445752940922729	10.491783448875475	-2.303486743256228	-1.2866316752875575	1.0014004179387392
336	7280	Neutral	3.7080603632185527	9.645037825345685	-2.330129235495171	-1.2834865056331806	1.0021904867272542
338	7771	Neutral	3.514892696329153	10.398757356795823	-2.3310969306554	-1.2029507273474316	0.9998375122406202
337	7507	Neutral	5.976145388893446	11.321068804843836	-1.8618964181339162	-1.0522701871829887	1.0000558287139674
339	8103	Neutral	7.473606476717631	10.06907152862423	-2.096165419262271	-1.2172773626083504	1.0027390231234559
341	8238	Neutral	3.784407780937388	9.491021865795334	-2.3199658714858806	-1.3672903910547185	1.0008079737672797
342	8294	Neutral	3.586286564985082	10.214915954368529	-2.301047990893416	-1.3658024907620208	1.0002352704223028
340	8149	Neutral	3.4522707681365707	10.389098415810471	-2.3250546142696735	-1.2056502022051414	1.0001252887779524
344	8551	Neutral	7.53574221516757	11.290206578249876	-2.365882713978763	-1.1137223486746048	1.0017040090792826
345	8813	Neutral	3.5616827028931546	10.22182953250333	-2.2934352734810437	-1.3919621072756807	1.0001267416744997
347	9043	Neutral	4.437653133663522	10.356548992477626	-1.7700365765204111	-1.3952246376859647	0.9997759924130173
348	9075	Neutral	9.54273010561193	10.704529614109791	-3.1209964059834157	-1.2118008204403647	0.9999054018141793
346	8972	Neutral	3.1652986744944047	11.354019242768754	-2.329837478054647	-1.0523902828789302	1.0004441164947377
351	9443	Neutral	3.1191691011330382	11.392607514698309	-2.3143614897220774	-1.125790118076778	1.0004474596791588
343	8330	Neutral	6.6918331295910445	9.693066980840312	-1.860573088321642	-1.2851539322198622	1.0003790984240755
350	9349	Neutral	3.3519024851740524	10.568905326313518	-2.2953409693356726	-1.296559473301734	1.0003194043089547
349	9183	Neutral	3.6452263243692182	9.898061881287681	-2.3158591314953956	-1.3186874289103532	1.0005565464307828
352	9461	Neutral	3.3674278978369827	10.552080114874203	-2.2851803305834535	-1.3687166351714004	1.003841066252532
353	9700	Neutral	3.864241304039831	9.51787557700309	-2.31824618112059	-1.416173390911407	0.9998336485219957
355	9772	Neutral	3.3520923821546837	10.540583008616581	-2.302712221799018	-1.2624638883329573	1.0003852863945784
354	9758	Neutral	3.4860833599174317	10.229541040329636	-2.3277272177264443	-1.2111267291422987	0.9998136668232169
357	21	Neutral	6.254152185571645	13.859127358347695	-2.1644246676500387	-0.4180820269100068	1.0014751676074825
356	6	Neutral	3.9184735432542825	11.893049054798654	-1.9414683099689665	-0.7702400717595994	1.0018438091270154
359	31	Neutral	9.026579019449905	13.32409889377537	-2.832642625360553	-0.5041578231578556	1.00015567129581
358	30	Neutral	13.01914159030281	16.103814732293323	-4.015588993226874	-0.2298569549257615	1.0003680065794527
361	44	Neutral	5.962152805255109	14.683311070452914	-2.1625141211512466	-0.3865640884515462	1.0001975529097211
360	37	Neutral	5.411810829312822	13.292057291642513	-1.974834350389088	-0.5893644051804091	1.0013880298061408
363	57	Neutral	16.291711835031748	18.441126187373538	-3.789938032398503	-0.03548720694392851	1.0003414103900856
364	61	Neutral	2.368056116763902	15.414684894680493	-2.945221918705787	-0.2080916695278076	1.0005379214224037
362	52	Neutral	10.033506825443274	15.930775079715112	-3.071841263661265	-0.22793881612663947	1.0002961458168749
365	64	Neutral	3.1065608384057426	11.310025246002668	-2.356557417236773	-0.9789663606392343	1.0002092186420952
366	81	Neutral	3.219002305265314	11.099613068124253	-2.3213207370115185	-1.166499045893306	1.0000036885429653
369	87	Neutral	9.452348335614099	16.510446176760787	-2.7866957197854174	-0.15249571634841919	1.0006832852669
368	83	Neutral	3.124100765470584	11.112919058140353	-2.3322339747818255	-1.0797692517742032	1.0011489455496076
370	91	Neutral	2.481503956729179	14.676840020666575	-2.8787244737701245	-0.23871164163843084	1.000921014696283
367	82	Neutral	15.812159458616525	12.682401639062393	-5.775164771745565	-0.6854703661955835	0.9997460865939958
372	105	Neutral	3.2657851060072196	11.012988137328474	-2.337902099928625	-1.090852888019546	1.0005207281365176
371	94	Neutral	3.0186650053914934	11.30613978071964	-2.389633257383689	-0.8833342742836391	1.0000148243857911
376	151	Neutral	3.6919148151076318	12.7778134717459	-1.9116593504982773	-0.7846665364956371	1.0006950095617273
373	125	Neutral	3.443989096729093	10.40171901606412	-2.357718578506193	-1.1126620526732625	1.0000849990931568
374	129	Neutral	11.035003165638127	17.80495854089229	-3.2931391437590847	-0.13830549009271148	1.0014337191934257
379	161	Neutral	11.198914647913787	14.637528191202106	-3.510301307740895	-0.3600361643964549	1.000736788508508
375	134	Neutral	4.341415756862138	15.192556846672815	-2.3299949084901352	-0.164209540511816	0.9998171792489622
378	160	Neutral	15.111580429413365	12.807318254455431	-5.882898591072299	-0.7375393226100357	0.9999229081276758
377	157	Neutral	11.594581829441998	19.58961189704148	-2.8803726913283505	-0.018625197889927378	1.0016177606614254
380	165	Neutral	9.988085601199657	13.003524261385689	-3.155228036415547	-0.5619777483150232	1.003016660419765
382	174	Neutral	18.074027668060303	13.52320099800755	-7.185055535443748	-0.6571286355307098	1.0006163552797276
381	169	Neutral	6.399561639825901	12.130928171027085	-2.08110619190765	-0.9841458732109756	1.0009396777171324
383	178	Neutral	11.236412919933262	14.188948242256735	-3.6561255779800206	-0.46188727353847114	0.999904034407121
385	193	Neutral	11.009353895987179	19.162548403734014	-2.8136260657436623	-0.02361366061720793	1.0016094660459964
384	188	Neutral	16.449581628095476	14.489201061094047	-5.888956548650356	-0.46332118562456776	1.00039024947294
387	262	Neutral	3.3375036753219076	10.578363649507816	-2.325616194111104	-1.1828375294097917	1.0012707593966348
386	197	Neutral	4.575322703752632	12.602299413661553	-1.8568724085350672	-0.7127147340302903	1.0021773024428446
389	694	Neutral	2.836506931324274	12.384341985398802	-2.3946397496035168	-0.7768106008338752	1.0004576349718708
388	423	Neutral	7.380433696192204	9.953377788916105	-2.079726267732314	-1.3563656818672212	1.002405914371393
396	1911	Neutral	3.3564021026669817	10.6827022482847	-2.3000526195367335	-1.3082459720530975	1.0019387922008216
391	1418	Neutral	4.761192796982371	11.911295457474926	-1.808890090860726	-0.8521567714497891	1.0001825432436988
390	853	Neutral	5.5848580202284905	10.00948707620876	-1.7287271376302469	-1.3265616453561047	1.0002087819700007
393	1567	Neutral	3.463510765102336	10.025394755130804	-2.334636739589166	-1.228827760130199	1.0010148709364657
394	1774	Neutral	3.37069412573859	10.608411037867146	-2.3360430020145264	-1.13688767569811	1.0002569909074956
392	1496	Neutral	16.56896530587445	11.54144677927326	-6.910771746763332	-1.0164724875784352	1.0013212288335722
395	1856	Neutral	8.292101915169939	11.634783051737774	-2.691817046898934	-1.1070588044562941	1.000571708205529
397	2390	Neutral	3.504173007816175	10.134602409929132	-2.313160749736778	-1.3177006292775475	0.9999918721757213
398	2509	Neutral	3.5556709684806527	9.989192683232293	-2.3330160750810744	-1.2187056833921517	1.000008058984248
400	2946	Neutral	3.292778482823157	10.651101415540266	-2.342083155503468	-1.0969653862738347	1.0000939577760828
399	2624	Neutral	2.864241126448898	12.066402734249099	-2.3698109562451197	-0.8606462999489763	1.0013818362000488
401	3002	Neutral	3.2696993418338485	10.851236336072109	-2.329573227454534	-1.1332642891790041	1.0001403499422825
402	3036	Neutral	3.129581347539031	10.933305045226353	-2.348770772499948	-1.042780926914529	1.0001969332185694
404	3403	Neutral	3.5272359020393074	10.29168344844601	-2.3230192342729192	-1.2710088931735581	1.0006924748666
403	3148	Neutral	3.480236353339906	10.456121796063668	-2.2984940499497126	-1.3296596462006116	1.004246480375087
405	3615	Neutral	4.077771366675987	11.144012727815122	-1.8477104660397288	-1.033231341882777	1.0001543343959656
406	3619	Neutral	8.19465877219518	10.158037678595116	-2.392299330731354	-1.3047338986758925	0.9999004820874671
408	4117	Neutral	3.3834849756144667	10.430559614354017	-2.3463531856422675	-1.1259555897180005	1.0007047703698404
409	4457	Neutral	5.763816894864601	11.790935048684934	-1.8858763473547442	-0.9215941446831778	1.000911784192097
407	3716	Neutral	6.2244955193105245	10.276502809148155	-1.8478810880709253	-1.2726443495369035	1.000128947281263
410	4570	Neutral	8.838686781883178	11.417929239253004	-2.6556649891690087	-0.774982514775768	1.000247925465578
411	4585	Neutral	3.4248803228257896	10.432344967989188	-2.360319285632868	-1.0675164279164546	1.0012858758201535
412	4976	Neutral	3.551063508630361	10.251692624937604	-2.319780110757219	-1.2878241168174094	1.0012750323842552
413	5082	Neutral	3.6159973455050136	9.769257074306614	-2.3207523470378884	-1.337791803981326	1.0008323213282815
414	5383	Neutral	3.5213661827926415	10.234982348340736	-2.3166001108235657	-1.2993298635049906	1.000463542425765
415	5605	Neutral	3.609670539969194	9.88083624038164	-2.330998691123433	-1.2636236817636106	1.000149402035075
416	5613	Neutral	3.1655289585653295	11.054384854655897	-2.323460255045797	-1.0920694308233876	1.0022537563629874
417	5883	Neutral	2.844055594675384	12.375072781956888	-2.423670279520181	-0.7207715777328263	1.00103558105861
418	5948	Neutral	3.3742709589000883	10.590530786853137	-2.3125574932960564	-1.253525215342344	1.001717096513273
419	5967	Neutral	3.214828864609259	10.989125886790825	-2.322243919349681	-1.1434685304730767	1.0014833084278885
420	6073	Neutral	3.2389728572943173	11.136475622381257	-2.3209444913404993	-1.1245853298602175	1.0002442550354653
421	6442	Neutral	11.283552930591602	10.800922675699526	-3.9109929846466285	-1.1272886462875569	1.0009093243136522
422	6464	Neutral	3.287017110550633	10.595581263843096	-2.3289798670190085	-1.1625725763560288	0.9997423260384539
423	6631	Neutral	6.735448330296092	11.859332115558818	-2.108380953539219	-0.8085433299588999	1.000141305655672
426	6715	Neutral	3.3050618755531294	10.71305060610688	-2.3277246054989043	-1.1543841265689136	1.0001911898081897
425	6691	Neutral	3.4519406670382264	10.673204135796114	-2.289405327535158	-1.3436005247381053	1.0002650649130183
427	6810	Neutral	6.277770440226789	10.409217133972346	-1.8543397347274793	-1.2237618360724773	1.0008684493187412
424	6642	Neutral	7.815253197651985	11.363623062996245	-2.3686838784695543	-0.9531782682869971	1.0022816986725276
429	6971	Neutral	5.810751877373781	11.405666290309883	-1.8617012604908987	-1.0701892626173217	1.000105461614374
428	6871	Neutral	2.969472444043016	11.877406477645172	-2.366942534956244	-0.8825130434067423	1.002034380561805
430	6993	Neutral	3.3651005731397245	10.733419904117376	-2.3088262178013608	-1.2356388883725813	0.9999979818246262
431	7209	Neutral	3.673162025974647	12.469116111607581	-1.8921942139646775	-0.8356604484330743	1.0009727935042678
432	7579	Neutral	4.253799280877666	10.485773403744385	-1.7949090318102838	-1.2686814571435738	1.0009182253843378
434	7867	Neutral	3.1178674975158303	11.255972945634781	-2.3657246630863997	-0.9435426086862655	0.9998196847309937
433	7858	Neutral	3.9084127806543916	11.963861763391368	-1.8560224700288215	-0.9402472973218994	1.0009030297131132
435	7955	Neutral	6.410641349053814	10.010391387345528	-1.8418283420992245	-1.3380650981084308	1.0000686286648617
436	8123	Neutral	3.231106760125369	11.00871316634731	-2.3244073407035826	-1.135986048679487	1.0010619427306988
438	8338	Neutral	3.5554079208755334	10.148874887904581	-2.3053859188067585	-1.3442231858118272	1.0000466638143526
439	8412	Neutral	3.1277946726272154	11.582165613846302	-2.319240321033942	-1.0780038734694057	1.0009350710929914
442	9155	Neutral	3.263309167908463	10.779066931547971	-2.311341746341482	-1.1945819097948056	1.0012560985441499
437	8257	Neutral	6.579710182057053	9.8570950741568	-1.868479199179279	-1.225767248859011	1.000157657423991
443	9240	Neutral	4.387438165976859	10.488235282949553	-1.8244834609421652	-1.1825200335613577	1.0005907960057199
440	8856	Neutral	3.513291947804968	10.121264244175576	-2.3028335964931994	-1.3503101543010911	1.000508972579328
441	8871	Neutral	3.1794379559033312	11.345603277246832	-2.2921240237721205	-1.2699367865412885	0.9999420687780941
444	9284	Neutral	3.4512044948870995	10.287708593326435	-2.3307343356429566	-1.1939498095972438	1.0001683138839952
445	9575	Neutral	6.951899141680913	11.026530327718675	-2.0967043441687245	-1.0068964318260016	1.0011707741065887
446	9581	Neutral	3.53885296554637	10.186080378053294	-2.3249893852882697	-1.2508659501740438	1.0019359281799771
448	9732	Neutral	3.2357972694144963	10.883494190109314	-2.386529276743551	-0.9267829636717663	1.0022786614019747
447	9651	Neutral	3.217487123692624	11.099399953690972	-2.30237700280094	-1.2327611940083192	1.0024958795517287
449	9741	Neutral	7.366700157674792	11.97379746192145	-2.3541182690310447	-0.910788436165705	1.0012140421110474
451	0	Neutral	33.938655508128335	23.341979266763538	-8.273607667247601	-0.004203516901047978	0.9999078743613992
450	9828	Neutral	11.196118161895662	11.739787401959719	-3.6762050765058643	-0.7998890299592876	1.0003579308123745
452	16	Neutral	47.11345882795329	25.30814530631118	-11.607916699651916	-0.000554130218375239	1.0003216110350002
453	26	Neutral	10.951007113621547	16.123507921013836	-3.225576572533506	-0.19012554918529428	1.0007899103315827
456	56	Neutral	19.32947696220233	19.98332124477021	-5.22703119429476	-0.05064496776430022	0.9998893850131207
454	42	Neutral	4.602344352737523	12.410990061429327	-1.800404800663154	-0.8849496213557296	1.000944459045365
455	46	Neutral	12.487758375169914	17.831857560238085	-3.212982893824737	-0.06241781060470104	1.0017106177467876
458	67	Neutral	6.501994748502178	12.602212759602741	-2.1281644589229507	-0.6479127116056124	0.9999324307594577
457	65	Neutral	16.9353862951855	20.492399922335498	-3.6819976060204107	-0.013666619498881701	1.0001451693194878
460	73	Neutral	16.42944268166835	13.557860098417839	-5.633887416684431	-0.48392732641546166	0.9999659568284056
459	68	Neutral	14.889151439496489	19.06284406456159	-3.6944249484867777	-0.04234647682697979	1.000088710777282
461	124	Neutral	10.201546188843023	15.557055576758277	-3.089372462342163	-0.23751563922363916	1.002085271838909
462	127	Neutral	33.19835326146891	25.571473950557067	-4.818309980436285	-2.7673636257389796e-05	0.9998658979937467
463	140	Neutral	58.87410035229534	31.060581860335073	-6.737028546795555	-1.336345478808927e-10	1.0007232170816096
464	146	Neutral	55.61923684346641	32.731367156856436	-7.919012812050145	-1.1823482200296936e-09	0.9996471541669013
465	158	Neutral	23.14886707538867	20.13332932804675	-6.676755460106744	-0.05447751952781645	0.9999632591306274
467	164	Neutral	11.214122782028285	17.89695692109431	-3.19213954122214	-0.10221685320199292	0.9999041219033831
466	159	Neutral	39.798343615724946	24.052318406574088	-8.442786010292778	-0.0006699155900102008	1.0014922109411448
468	170	Neutral	43.115330149436275	26.58964174111304	-11.405789960075028	-0.0008504177749228219	0.9999467501778995
469	172	Neutral	35.51366073090762	24.138248200705036	-8.665283361906052	-0.002768249486352895	1.0023050559187374
470	175	Neutral	14.295933301727086	18.371134487199395	-3.30112545337289	-0.031049826661427724	0.9998791137342
472	449	Neutral	10.639892296844746	10.904674440025836	-3.4680557888187895	-1.1022346539937995	1.0001696149057124
471	183	Neutral	35.06446494940786	21.213563519872235	-10.568186167825445	-0.0323579511455625	0.9997443374211716
473	1669	Neutral	3.2330045104232537	11.106925204265538	-2.3293864188388844	-1.1282335201504077	1.0015003211134972
475	6460	Neutral	3.20713783076385	11.087556094686287	-2.3981788148767555	-0.8979775897824586	1.0009947033956763
476	9	Adaptive	36.17629186437307	24.55796079004157	-7.661579743683371	-0.0008143674489580572	1.0000360947284637
474	3390	Neutral	3.219377653833707	10.84390698314633	-2.3545970892092467	-1.0368933893966144	0.9997023267651781
477	38	Adaptive	12.22772431396071	19.757005986791004	-3.23189627166444	-0.0433359370225288	1.0004345201285667
478	47	Adaptive	12.598957081083663	18.23960485261019	-3.1534983663733103	-0.05012932031949148	1.0005626961706249
480	63	Adaptive	62.92491066776778	30.564142250827985	-13.553300704468544	-3.2705511651439685e-07	1.0002017006856658
479	54	Adaptive	19.61239941344974	20.275141648380053	-3.214596004444905	-0.0005448778832324109	1.0004560178488426
481	98	Adaptive	6.525130138209244	18.787419997089785	-2.9755497184284883	-0.017615066268279998	1.0005036108068408
483	136	Adaptive	21.31350146283905	21.264201168102307	-4.2362898613041065	-0.005598505135719714	0.9998176723932123
482	131	Adaptive	41.43843372068642	27.131779128934784	-8.372235009310318	-8.030697084219407e-05	1.0038280873519094
485	338	Adaptive	14.493689996305193	13.620058473180343	-5.085092275553331	-0.562552293611094	1.0005048674595651
484	205	Adaptive	8.169969357112153	16.911260957842906	-2.6288626223133287	-0.18428061382797825	1.0003707049461164
488	9928	Adaptive	6.063140365764772	14.871537680306547	-2.190795431350108	-0.3281440601287633	1.0011147794485584
486	584	Adaptive	2.526484100809085	13.344764353689046	-2.573856922436209	-0.46664968373392496	1.000160045800258
487	1837	Adaptive	2.701977224788262	12.96962796509518	-2.547863682325132	-0.515635229809353	1.0002837997550387
489	1	Adaptive	411.01786741743837	55.561496428522595	-37.05658024654588	0.0	1.0010205700795998
490	2	Adaptive	281.7195009277728	53.98191284018586	-29.862008351561656	0.0	0.999993702590584
491	3	Adaptive	132.10522720079183	39.68485875729551	-24.17713633421119	0.0	1.0002754657775004
493	5	Adaptive	36.39372549945717	23.076788450028	-10.037295414252553	-0.009328350621969779	1.002769569692133
492	4	Adaptive	1019.2191138231834	87.40816420074142	-63.189200636358464	0.0	1.0041239902460737
495	13	Adaptive	22.026652627916143	21.345303308420075	-4.370076916196595	-0.005577410173230941	1.0003704040094703
494	8	Adaptive	91.0770711867438	36.76503354293198	-14.121163879080726	-4.440892098500627e-16	1.0000589047220603
496	14	Adaptive	199.88445549438583	51.40186905490184	-20.484405766574753	0.0	1.0022294064866322
497	17	Adaptive	262.0644953857864	52.79466668251545	-21.57770819060967	0.0	1.0000725919765068
498	18	Adaptive	68.79733184760234	29.014877613125943	-18.557106822930336	-2.9339967502722915e-06	1.001575967939672
500	20	Adaptive	19.308313318158227	21.716038026262876	-3.309645376999942	-0.0009822467238328153	1.0007543567827837
504	25	Adaptive	157.74313749659174	38.89835541454045	-28.23441420262307	0.0	1.0021473893092552
499	19	Adaptive	135.25111667111705	41.63603362800193	-16.2745077103242	0.0	1.0004202569294804
505	27	Adaptive	61.949080427992534	33.28378633205086	-8.851475931365297	-1.7093704231325644e-10	0.9999392797107726
503	24	Adaptive	48.254537644836915	27.20242697354314	-9.530027904588763	-1.0052606886058292e-05	0.9998513259487989
506	28	Adaptive	44.64544941024098	26.169383282552957	-9.191918147691696	-9.545259021179444e-05	0.9997967909383463
501	22	Adaptive	683.2778944820615	68.52354632596396	-52.40055642628357	0.0	0.9996677435891476
502	23	Adaptive	431.5359951293746	57.227881573942334	-37.84177766294954	0.0	1.0007802832560588
507	29	Adaptive	40.13521531214229	29.685885614602935	-4.249728319403532	-1.3957334052664806e-08	1.00132874773091
509	43	Adaptive	78.72103176915822	31.21888901918714	-15.316685491012404	-4.075195737249707e-10	1.000476430467804
508	33	Adaptive	120.64766328434327	37.58280831302979	-18.62358022459709	0.0	1.0011305634795509
511	51	Adaptive	31.377407230560145	22.212123440015525	-10.505520749131236	-0.04778806889304622	1.0007886418677145
512	53	Adaptive	22.93817236108752	22.213347398645485	-4.604607255543321	-0.0032761624273036634	1.0005474094612143
510	48	Adaptive	477.1138429093813	57.760682888043426	-47.58109746875991	0.0	1.0004289027958595
513	58	Adaptive	343.8608359335859	47.08635884844093	-63.12644318381308	0.0	0.9997380893835943
514	60	Adaptive	553.9923937785479	67.67017873866926	-39.14166952976478	0.0	1.0006628740026442
520	74	Adaptive	72.12016899432973	33.9409136160795	-16.393612882476383	-3.8440580792441184e-09	1.001643145162322
516	69	Adaptive	165.78544542037383	42.621362263192374	-16.188042095109246	0.0	1.0000767213012696
515	66	Adaptive	172.5368650710028	44.84551505405682	-21.15379504233826	0.0	1.00081749547884
519	72	Adaptive	151.29210619433405	46.66880315932201	-16.12517725936746	0.0	1.0009008814499978
521	76	Adaptive	58.359566556189606	29.98364698689504	-10.881293508157185	-2.1051858174368434e-07	1.001102516968219
522	77	Adaptive	180.6783796896324	44.35852851679822	-30.08122353308891	0.0	0.9998434059159897
517	70	Adaptive	264.3059770390925	47.75435899778662	-50.00634242679941	0.0	1.0002201815457472
526	84	Adaptive	114.62937370275155	34.81292676334296	-23.308633366301162	-1.1102230246251565e-16	1.0013334193944705
525	80	Adaptive	84.56499718948315	33.06450083667079	-16.620054824149303	-2.554167988255008e-11	1.001534649847451
518	71	Adaptive	1545.551328839337	649.946015959156	-110.90707389387592	0.0	1.0006449314739274
524	79	Adaptive	154.52885879925563	42.073319654753654	-16.784914326712588	0.0	1.0015735330592055
529	89	Adaptive	206.98882265028593	50.506028309678875	-19.461027715936197	0.0	1.0015937625394955
523	78	Adaptive	294.0555345297074	50.84649332744716	-34.880032999432075	0.0	1.000302680639086
527	85	Adaptive	1355.379944865703	967.4795072494002	-71.08155491511695	0.0	0.9998597241695377
528	88	Adaptive	1394.810750986303	554.0276766781965	-102.66379026874836	0.0	1.001200911150879
530	90	Adaptive	83.93065768133883	34.91549321233881	-8.72244475256733	0.0	1.0001184549210111
533	95	Adaptive	91.83966514623836	37.93835909624089	-13.878128799264193	0.0	1.0037326262745314
532	93	Adaptive	20.435726425505436	20.23392919114975	-4.852478753114898	-0.02357030729992789	1.0010721355961152
531	92	Adaptive	34.68362494628286	24.172715544574224	-8.856888323270393	-0.004168865597344624	1.000105084537482
534	96	Adaptive	35.42527439462598	26.84803104136596	-5.425799918582763	-1.7736183909317707e-05	1.000356148264796
535	100	Adaptive	27.864413879438356	23.68426679082939	-4.68238346708081	-0.00047918488744045577	0.9999138672150012
537	103	Adaptive	210.2802966128034	41.24785777856542	-34.273891227277744	0.0	0.9999248442995913
536	101	Adaptive	109.13636826682684	38.803538813714496	-19.94335643198776	0.0	0.9996269967431378
540	109	Adaptive	106.70784826150795	38.55718807804603	-16.399689496109517	0.0	1.0006739908490958
538	106	Adaptive	69.50259087957114	30.08535909143167	-14.240729349511787	-1.6721223767746474e-08	1.000407521108129
542	114	Adaptive	15.564550166785057	18.97359518473113	-4.544228787333886	-0.10100726171288896	1.0010825422427747
541	112	Adaptive	589.7276767195383	75.20207539851033	-33.00084663797793	0.0	1.0001107697552145
543	115	Adaptive	985.551675096028	86.16643433099098	-76.63728144893611	0.0	1.0000658635014932
546	119	Adaptive	28.982123827935844	23.411383329828684	-4.367555143882982	-0.00018631170392544998	1.0004353308469982
539	107	Adaptive	1056.8011607506505	143.30247718942263	-79.16929119985451	0.0	1.0000547420608072
545	118	Adaptive	92.42456688153227	35.55319240424112	-9.841250975017054	0.0	1.0017467308334893
544	117	Adaptive	446.7752702302653	60.66283749244378	-42.5975427779845	0.0	1.0003614865501265
547	121	Adaptive	230.6804383673993	44.49344683529996	-36.36621845195515	0.0	1.0015527719428658
548	122	Adaptive	58.770746483819465	32.33962472942511	-4.750596016119898	-8.160139230995234e-14	1.0001151556265893
549	126	Adaptive	540.0362683080369	55.77890774307037	-52.33603099606481	0.0	0.9999553339766069
550	128	Adaptive	63.25853234329379	28.06126737173542	-11.252639690164141	-7.48519225749271e-08	1.0012930747086441
551	132	Adaptive	191.54274425620224	38.91412347269992	-36.03578500065138	0.0	1.001726075767604
552	133	Adaptive	174.5838632027405	42.87820507299924	-19.204769722410568	0.0	1.0012258363335922
553	135	Adaptive	108.49242408709054	36.30354204972908	-25.172747075981516	-2.2315482794965896e-14	1.0006826156656734
554	139	Adaptive	730.3938108094621	68.2848164861881	-88.39968258709541	0.0	1.0015522447097442
556	142	Adaptive	54.76556852952829	29.369188515625588	-9.641998888831088	-3.601313450887675e-07	1.0002554892936384
559	150	Adaptive	38.117002225669374	27.55805937111566	-5.463907339610369	-3.888061144920463e-06	1.0022778439757316
562	167	Adaptive	40.317931925300904	25.791850906568015	-7.202692429199206	-5.7083449522729074e-05	1.0000506609910602
558	149	Adaptive	9.514908524478955	19.414565833681763	-2.7623302106495005	-0.014412762518141156	1.0007876826054565
561	155	Adaptive	98.4146610903855	33.772162234601495	-16.86078921854063	-2.4424906541753475e-15	1.0002022960032175
555	141	Adaptive	420.7033616154585	59.84734782840591	-43.87061789711504	0.0	1.0015478899398063
557	144	Adaptive	132.4621045022071	38.823467917132675	-18.10146625685229	0.0	1.0014460369760434
564	177	Adaptive	108.56754404095472	35.670773533049505	-18.37031606498486	0.0	1.0000226737934998
563	171	Adaptive	348.0118159851814	50.47451701871702	-49.66257005774699	0.0	1.000489527643549
565	180	Adaptive	423.5525181619736	49.405819757815465	-75.43931034179468	0.0	1.000105479768665
567	186	Adaptive	91.82603511303766	35.30059150798891	-13.779662135240123	-2.2204460492503136e-16	1.000066613218111
560	152	Adaptive	941.5257651907926	97.45241429208883	-70.23660377507287	0.0	1.0000287214939727
570	194	Adaptive	99.76995833694623	33.76827716331899	-16.537132767959854	-1.4432899320127045e-15	1.0012893241982517
572	199	Adaptive	37.03031620338008	23.060237558709282	-9.780613248323586	-0.007376137953393457	1.000443809573393
568	189	Adaptive	906.7882492792721	103.0423547064815	-56.47586084584083	0.0	1.0010178081867676
575	203	Adaptive	90.90069226379374	34.220360709041664	-16.218070612243476	-4.352074256530708e-14	1.0014374298115272
573	201	Adaptive	48.28033743228406	26.216087726803764	-10.536013871674735	-9.834310242247258e-05	0.9997820487319722
571	198	Adaptive	332.56818812388497	58.33818342672358	-23.624522878844274	0.0	0.9998661191792034
566	182	Adaptive	1303.2335103897274	188.48865747243968	-74.03666544639793	0.0	1.0001438136622756
574	202	Adaptive	435.891931383148	57.642160792740164	-44.774600584171054	0.0	1.0000548030252152
569	192	Adaptive	1257.1051484720874	126.76005036255941	-97.00670177679262	0.0	1.001340330532131
