listID	  BCID	TAG	 k	 a	 b	 s_mean	 s_var	 log_normalization 	 log_prob_survive_cummulated	 Rhat_cellnum	 Rhat_selection
2	 191	Neutral	2.4521842025007268	 37.78219884081842	 0.07518755572381118	 0.385581352391751	 0.1183785211774487	 -3.3603986731349873	 -0.5996055681512329	1.002007788760441	 1.0008182237359287
4	 315	Neutral	2.371976909454933	 37.787514691218746	 0.08405229401229114	 0.3730181507199036	 0.10708220052755364	 -3.3107680782132496	 -0.9148165836486971	1.001219948977566	 1.0027686852582387
0	 147	Neutral	2.819205428226597	 38.24359628955396	 0.06740395442972638	 0.3701189446788419	 0.09987383408936992	 -3.428526321328091	 -0.9047782715540796	1.002941613434024	 1.0023799943300562
3	 266	Neutral	5.7458313763753015	 84.26434047334196	 0.13649511771251924	 0.48586297405544626	 0.1541209879241783	 -2.784718363259514	 -0.9710605579779504	1.0007062282470764	 1.002229305005589
1	 162	Neutral	3.67556089084506	 53.063989969515376	 0.08536274124804175	 0.4056319805381228	 0.1170883568034308	 -2.8445835597805424	 -1.1707144329531265	1.0012753436596893	 1.0015234541647489
9	 1338	Neutral	3.1400623698401624	 40.5511176955759	 0.054062630408914764	 0.3586124274009897	 0.09908959271009136	 -3.3787565056871616	 -1.1811921286723275	1.0000241000503405	 1.0016615959414883
8	 1200	Neutral	5.228836431504657	 83.90091744402089	 0.10940914423615289	 0.4733699793664666	 0.1340937363408689	 -2.8815587110283882	 -0.8800209932248951	1.0007277950578355	 1.000739502022809
7	 998	Neutral	3.0470388993709365	 39.28630666544351	 0.059487734012966136	 0.36386656972562015	 0.10581686360286026	 -3.3725657906866253	 -0.9745651476546339	1.0017359684456217	 1.0008769997081923
12	 2294	Neutral	2.7824961660745284	 40.148062629214685	 0.08132718509823475	 0.38577001465637145	 0.1150503275852188	 -3.3273722188098365	 -1.2950639957399401	1.0001904829111798	 1.0013048930528952
6	 778	Neutral	2.7899159638770517	 40.66235110073172	 0.07033164000746676	 0.384161842547756	 0.10764793923667249	 -3.400942414248197	 -0.9081338716237979	1.000876659170045	 1.0141676016162189
10	 1460	Neutral	2.6866622562404174	 37.87017820265667	 0.07915291929339735	 0.3501483978045956	 0.09291278053576678	 -3.3724731294584416	 -0.8969334240202265	0.9997876674640992	 1.0032097128437474
11	 1726	Neutral	2.7851754424772794	 40.42277905141849	 0.06290332492189728	 0.3817261686118036	 0.09941839335210807	 -3.3928371942427473	 -1.0462427202577658	1.0000908958554302	 1.0002256586032676
15	 2759	Neutral	2.8489612392453507	 39.94694973918365	 0.10505885565092309	 0.36359726854499275	 0.10702877506559198	 -3.347102256699499	 -1.2517391627047683	1.0006453297416538	 1.000040832085686
16	 3110	Neutral	3.0232117509143808	 40.87956552506232	 0.09949696947345198	 0.377321885655366	 0.10805250892186481	 -3.425487193923415	 -1.0849337501779297	0.9997653821065381	 1.0094385034980022
14	 2576	Neutral	2.6944721640285456	 39.60435803940244	 0.037508783001133146	 0.3451717814301448	 0.0884236769136065	 -3.37355612236002	 -0.8872802227298333	1.0044461891097534	 1.0070017449244393
5	 720	Neutral	5.684878286665291	 81.35075876137975	 0.14416551768240451	 0.4961625883891862	 0.14410543625732733	 -2.7471382167434424	 -1.2664676744044223	1.002097674603118	 1.0049910715402461
18	 3311	Neutral	2.8463506168217987	 39.60437601868683	 0.07236164918953036	 0.3547172852694149	 0.10295311086656529	 -3.2899389287433367	 -1.3809520204982695	1.0006446730897236	 1.0036593031960104
17	 3160	Neutral	3.6896290750191145	 55.33455569289921	 0.09264086975580649	 0.3986554975311985	 0.11935160195980206	 -2.8563439641473134	 -0.9735202869335101	1.0007194612613781	 1.005597659780186
22	 4207	Neutral	6.14032853933673	 93.93408391787662	 0.1522985513075257	 0.4836047848414117	 0.13909007091306638	 -2.8393342338503578	 -0.5679433537895205	1.0026844978826024	 1.000484844798091
21	 4019	Neutral	3.0101165701007986	 41.16607212708278	 0.0690276897127902	 0.3881986625534449	 0.11410649876340867	 -3.327994977621315	 -0.9522792020898685	1.0032941451527786	 1.0025212852609298
25	 4451	Neutral	2.7881404926080715	 39.62536417182913	 0.07435038365232845	 0.38678930369304637	 0.12065121802111044	 -3.371142407138894	 -1.0209263004356137	1.0022112775406715	 1.0007800168870002
24	 4353	Neutral	2.8073613449566888	 40.108008150233154	 0.06353260394412548	 0.3748407826091086	 0.1034359326565233	 -3.414932804401338	 -0.9927823332653373	1.003253997104345	 1.0040929699621342
29	 4781	Neutral	6.08863447691244	 98.76222701347686	 0.1511935728906066	 0.5243527179500291	 0.15635924620585426	 -2.84455551063023	 -1.0186830034507017	1.0031010914838676	 1.0021985697474172
27	 4658	Neutral	5.66255261337458	 98.33811736873918	 0.13359308177128756	 0.49820807641082554	 0.13884553257839824	 -2.906595410264338	 -0.8850650617222696	1.0018524109200686	 1.0003826475657154
19	 3669	Neutral	2.7356931288181605	 38.3463933743508	 0.08264107684621515	 0.3557324312711441	 0.10298595239127799	 -3.3394551264048467	 -1.2386980636373237	1.0021221008041443	 1.004778551358631
28	 4702	Neutral	3.0206050734619603	 40.197423232913984	 0.06773252256460263	 0.3816294640427449	 0.11792005879841531	 -3.3508224851571056	 -0.8901736050661819	1.0047992424324863	 1.00978700674417
20	 3943	Neutral	2.8986546251022745	 40.021358981578274	 0.0891311833967388	 0.3799289845395409	 0.10843765716835141	 -3.3075054790018967	 -1.2993411428588397	1.0034927481184055	 1.0004570726395405
23	 4258	Neutral	3.0532679438950123	 38.971656438577234	 0.09884837077128962	 0.3644807100909554	 0.11425289928613161	 -3.349127181353378	 -1.1514239060550122	1.0032317082467035	 1.0033273313020974
26	 4538	Neutral	5.949279252665966	 82.89973023511389	 0.1267686273527382	 0.48668471046125633	 0.1357761225505387	 -2.8053760147195947	 -0.9009386492831434	1.0008880140864154	 1.000164864744196
31	 5371	Neutral	4.751207164986391	 67.45519178859685	 0.09761395513585922	 0.3979340421290198	 0.11027049511619985	 -2.8029215854366263	 -0.819237566766372	1.0011832065298554	 1.001423181950657
30	 5224	Neutral	2.851111682374147	 39.50201304990539	 0.09888749017781599	 0.37942605483889746	 0.11053486350127019	 -3.327146203728978	 -1.33529811432665	0.9998371175894025	 1.003917761569456
32	 5853	Neutral	2.9267228205471367	 39.963512030634625	 0.059223984510972785	 0.39677232203698776	 0.12332844925925252	 -3.3524897935424525	 -1.2818179988021663	1.0007396123091756	 0.9996089528075965
33	 5871	Neutral	7.73916186661644	 149.90920149551647	 0.13792058221740905	 0.6061033541828201	 0.15529370049298818	 -3.2789263853731674	 -0.418084341995683	0.9999190546449153	 1.0005548937857174
13	 2477	Neutral	2.887877157925831	 40.37116652469337	 0.08318989381598546	 0.38078966128884395	 0.10486468541843494	 -3.3865402298181975	 -0.9070378617364834	1.00155063686933	 1.0029004128894798
39	 7771	Neutral	2.6684562669030205	 40.19542161035857	 0.06860903638656664	 0.40130444373190405	 0.1185674907769545	 -3.3902307696878644	 -0.9245623967834296	1.0003097142424782	 1.0020156917607146
42	 8238	Neutral	2.9036529435844036	 39.946661509227276	 0.08526053015055243	 0.37843650116297595	 0.11197767285386813	 -3.321868270421417	 -1.3611690107310161	1.000893530057304	 1.0040988742446104
40	 8103	Neutral	6.535288387227704	 98.16964718139937	 0.13897060197233146	 0.5238604193458968	 0.14531460936594162	 -2.869727684562281	 -0.8795521070901263	1.0031061229800666	 1.0034714298203993
44	 8330	Neutral	5.808369941888288	 81.20717556272697	 0.1232553356196727	 0.4666094347015438	 0.13336584245293678	 -2.7382738695552113	 -1.2166762100844823	1.0010768696008918	 1.0001389992976262
45	 8551	Neutral	6.492560176969719	 113.47784898188296	 0.16825163471993065	 0.5637319053724126	 0.15978880733125353	 -2.977202207938289	 -0.981759565774743	1.0020177859500479	 1.000224099831764
36	 7166	Neutral	2.6763552192751057	 37.59167819764303	 0.08741831948781761	 0.35571791044980583	 0.10721153081667012	 -3.3202915715345123	 -1.0647265982374086	1.0020368296827211	 1.0129925370835273
43	 8294	Neutral	3.003094685216539	 40.391182465624325	 0.057406146987925635	 0.3812162792944796	 0.10579900662984817	 -3.387019560082292	 -1.1269245161694408	1.0010617774655532	 1.0020623078205269
38	 7507	Neutral	5.234473627618884	 83.22745753257335	 0.11759731224906975	 0.4795240175735348	 0.13724543121896557	 -2.803467866759325	 -0.7831326327733988	1.0008299317269522	 1.0006943044132321
41	 8149	Neutral	2.999806066730614	 39.46836500110492	 0.05554235776883487	 0.38474031542801507	 0.10498917707474388	 -3.3997781582910465	 -1.0544720072964486	1.0008826251989404	 1.0006196699098864
46	 8813	Neutral	2.9543682812359187	 40.3235743540467	 0.0693278129553682	 0.36707768058055834	 0.10864659261895468	 -3.3578434272452657	 -1.3847645000474211	1.0044220218384883	 1.0028262149361635
48	 9043	Neutral	3.765362728123996	 53.83231180942597	 0.11093750564984234	 0.40328400431964945	 0.11832870552377342	 -2.797355399880641	 -1.2248108208472261	1.0022899514632413	 1.0081671342932952
37	 7280	Neutral	2.759505161125699	 42.44741081638537	 0.042206150648546784	 0.38699187957614745	 0.1047798691830028	 -3.3622248873951817	 -1.038579359957939	1.0028979115222973	 1.0101517655933576
35	 6369	Neutral	2.6103324529788847	 38.99756268090271	 0.06222778745607626	 0.38914198733806743	 0.11857076054541278	 -3.342046336682366	 -0.8777550444277463	1.000457926108798	 1.0005081318379467
34	 6304	Neutral	2.8069307632881166	 39.542740257213836	 0.05465256289582069	 0.34989832946726074	 0.10128060334026688	 -3.3297362431853594	 -1.004140464666439	0.9999355395877819	 1.008446957815853
49	 9075	Neutral	8.120681220968105	 146.85059553641509	 0.1590847954896006	 0.6647980839065373	 0.16657941392833936	 -3.182728762968835	 -0.6315019003276895	0.9999290843974395	 1.0004737676058721
51	 9349	Neutral	3.010070769329399	 40.19070287044365	 0.08318827248284033	 0.35909415978839754	 0.10478146618272831	 -3.346358197781192	 -0.7202094431610815	1.0031064744015454	 1.0061018202140186
55	 9758	Neutral	2.8630701231486744	 38.458444482199	 0.07733854998855075	 0.3680000101351422	 0.10460319404210139	 -3.3254138667062882	 -0.7160907082457514	1.0019938073669499	 1.0021447237191718
47	 8972	Neutral	2.899194860756023	 39.57464823199365	 0.08349221926024473	 0.3416451958424076	 0.09066014261980707	 -3.4783381911807503	 -0.7759475601439275	1.0002004381843275	 1.000515449299336
53	 9461	Neutral	3.011911831099666	 39.51822999379212	 0.08270560472093726	 0.3684914819701186	 0.1066753668035017	 -3.3771802915167664	 -1.1226302451666235	1.0015231131134428	 1.0099202849737805
52	 9443	Neutral	2.6693201363183676	 39.18308019524615	 0.09533945774667886	 0.3909348165344646	 0.11530496204390274	 -3.322695240419057	 -0.773651988466642	1.000896326229692	 1.003252399113825
54	 9700	Neutral	2.9766612881268606	 41.02822658518092	 0.07980462235712191	 0.3702155744216566	 0.09934503214312207	 -3.327843815451037	 -1.1436063134211163	1.0009118259799676	 1.002372925068526
57	 6	Neutral	3.468259801370198	 53.03965733079198	 0.06250806237386998	 0.36427607116770305	 0.10263785624559514	 -3.0133379438406607	 -0.4807100643665298	1.000279727495572	 1.0059542204792777
50	 9183	Neutral	2.7359213168830525	 41.43931996581838	 0.07714142469511473	 0.37936477743392544	 0.11998964067267034	 -3.295834674475361	 -1.0915495126246868	1.0007981912424408	 1.0000826482754153
56	 9772	Neutral	2.9160168904151624	 38.48246848331487	 0.07603332516424424	 0.3735699881390281	 0.11215691436019432	 -3.3349853586325318	 -1.1689284209562698	1.0000554796449432	 1.00377256446835
59	 30	Neutral	11.507281560914016	 272.68581573558987	 0.12120617070009637	 0.5886047768109945	 0.11740723295794242	 -3.940750786818314	 -0.06051282046105925	1.0008519654271253	 1.0004753175041352
58	 21	Neutral	5.373984028563948	 103.61980632401789	 0.11528822811515123	 0.42419129160937835	 0.11197869686881559	 -3.1401627028472525	 -0.327856544195263	1.0007397250643573	 1.0002784486094305
61	 37	Neutral	4.80249727262975	 84.80927558117227	 0.10380297194179104	 0.4071116021390246	 0.10995294534642452	 -2.9715004840017203	 -0.34967761007725606	1.0000765231293054	 1.0046696906488506
60	 31	Neutral	8.651366308626052	 156.36590347253681	 0.14074222526508554	 0.5478726605177741	 0.14666023930811453	 -3.358687678341691	 -0.1252502630819042	1.0018316232697078	 1.003332840154233
64	 57	Neutral	14.457453732853223	 365.6348129723416	 0.10686312956661459	 0.40723591508595275	 0.061773511401272733	 -4.389324532700802	 -0.031229006943857798	0.9998084864106692	 1.0013803687184555
68	 82	Neutral	12.730400118579741	 302.5620266061773	 0.1207237895248349	 0.8938716663661005	 0.1680184301805371	 -3.7635217680417017	 -0.35571283286007754	1.0001883915594523	 0.9999936382006593
62	 44	Neutral	5.867724513290029	 108.35668124068849	 0.09335479351210609	 0.43386469434655056	 0.1080470748055212	 -3.2550526932979706	 -0.24557143821499194	1.0027606129797508	 1.0065256726084635
73	 105	Neutral	2.756528964026502	 38.19588207284002	 0.06057649877531417	 0.3690355345431998	 0.10027874736016859	 -3.3880541326944846	 -0.8705460824924893	1.0079810140172445	 1.0009959380756033
67	 81	Neutral	2.8395635627913096	 38.68836817542508	 0.07734669373578482	 0.3669360228762154	 0.10559600963532298	 -3.343090663222832	 -0.9932160375229062	1.0010706523721438	 1.005178109222107
71	 91	Neutral	2.492680238108042	 39.301286812919514	 0.08474901915521242	 0.25860812068779676	 0.05285608717697594	 -3.885081705500534	 -0.21487226620099636	1.0012669028513563	 1.0008839547683954
63	 52	Neutral	9.36928402145675	 196.29289646019313	 0.1187755902631473	 0.485865572340152	 0.11056217318638792	 -3.6939843590555372	 -0.1482354332675648	1.0028427077695141	 1.0039517229446975
70	 87	Neutral	8.91239840557838	 183.41553033384548	 0.10755705640989051	 0.39501288051289996	 0.07919695682365055	 -3.727876008563243	 -0.1163652374729624	1.0053313721604127	 1.002874849258416
74	 125	Neutral	2.8141625196392224	 37.878920692347144	 0.08481425993570905	 0.3725566238032332	 0.1061388493743056	 -3.3771554874666734	 -0.805658026033335	1.002433652964283	 1.0042640657927888
69	 83	Neutral	2.5419960055526674	 39.438484372227876	 0.044187913547590954	 0.39476555893551496	 0.11731982200737148	 -3.374029881974827	 -0.9849393782025545	0.9996382159591426	 1.0017919816072298
75	 129	Neutral	10.674598862566693	 233.13667040094688	 0.11266698321746374	 0.4332137415182174	 0.08305563205463917	 -3.925738653385376	 -0.040228870168188664	0.999901671276028	 1.0043620372965285
77	 151	Neutral	3.7133016703888058	 53.02551100219092	 0.07525403882247428	 0.3816695872533655	 0.10122673496190374	 -3.0640228280846014	 -0.6387338872741901	1.0018650870271035	 1.0014023568264148
76	 134	Neutral	4.248654777841314	 74.711870041181	 0.10854204330393048	 0.2653100801042226	 0.04864187305255985	 -3.5421031587070697	 -0.057134214444389646	1.0030661219424972	 1.0029049284083462
79	 160	Neutral	13.436262456358065	 307.0709544126096	 0.12475766797272053	 0.9396454380440197	 0.17489753453017684	 -3.763921975819232	 -0.42433528106551305	1.0001258731833353	 1.0008783509123902
65	 61	Neutral	2.271707913288029	 40.25310104329143	 0.11914318503941433	 0.24536063992149593	 0.04391843924347656	 -3.473291972272567	 -0.14532195321402025	1.0023476782262923	 1.0087402864856188
83	 174	Neutral	14.284648053403338	 385.80983754358067	 0.11758922922477522	 1.0124269656391196	 0.1624995619454885	 -3.982444369159044	 -0.20618806681997037	1.0001131346321597	 0.9999362442533226
78	 157	Neutral	11.68354144389858	 258.83001362008326	 0.08632739143723754	 0.25084093580393424	 0.03470538491591937	 -4.294788245149529	 -0.014277402149499352	1.0001560831880518	 0.9998957986688899
81	 165	Neutral	8.088528314821634	 169.78879437562162	 0.1303500038454698	 0.6080021496404373	 0.15007765210566817	 -3.4408047032023044	 -0.1863811896900793	1.0004345482030312	 0.9999104653303509
82	 169	Neutral	5.996078488229053	 98.10144672788952	 0.12771150048848343	 0.5063351120158928	 0.13857740236469462	 -2.925034997783414	 -0.8312637078380094	1.0056099891505328	 0.9998410389286242
85	 188	Neutral	13.668260728822611	 344.2702651269585	 0.11693983755869244	 0.8655812182652491	 0.15452931826718533	 -3.930619866811172	 -0.2405677863043964	1.0023992544216893	 1.001015363477799
84	 178	Neutral	10.674446317615772	 210.00367862396658	 0.12316609785169548	 0.6274147257568622	 0.14447539386209216	 -3.6158385914890476	 -0.12648688453849197	1.000787740308383	 1.0029173456719385
66	 64	Neutral	2.6932931101506217	 38.44455700424345	 0.07011840444763218	 0.3792607489837247	 0.10299698620697623	 -3.4568185741500264	 -0.8222698072081319	1.0001624147407897	 1.0011219750051716
80	 161	Neutral	9.934555053689657	 211.78263012142787	 0.1277632126507001	 0.5872307666473052	 0.13456971930391692	 -3.6724554709610833	 -0.1393637370497378	1.001301780748799	 1.001636846057683
86	 193	Neutral	11.553694332684683	 239.15470726818634	 0.09841330751139964	 0.2658011594437898	 0.040800784772465806	 -4.23204836306575	 -0.01470755817555271	1.0007298340216249	 1.0015791544823118
87	 197	Neutral	4.018577331720996	 66.44002984383627	 0.10795336349426625	 0.39266653954343644	 0.10990500701687843	 -2.886120072701106	 -0.4621756329933967	1.001120034197827	 1.0048231072740401
93	 1496	Neutral	13.22166392115919	 325.6353689439255	 0.11918014145252755	 1.032943936374002	 0.15662348686422223	 -3.842321155278547	 -0.7579808345133356	1.0012401480145303	 0.9997321866965464
88	 262	Neutral	2.873742467777773	 40.177445229742965	 0.06052779497478865	 0.38483713433227107	 0.11357384162611675	 -3.3823773302892826	 -1.1040210889302835	1.0012496977372094	 1.0094787696864083
91	 853	Neutral	4.61480762954411	 67.68310031286278	 0.11346382817244836	 0.432606105777772	 0.12057627977740785	 -2.732949690843551	 -1.2697708142571469	0.9998872276413356	 1.008077680934867
89	 423	Neutral	6.176695952578222	 95.61206966582006	 0.130732854713714	 0.5081249695800413	 0.14300228962527545	 -2.8108639339788044	 -1.2655230397417552	1.0010559208294136	 1.0027345015596332
90	 694	Neutral	2.4464290624770446	 39.3257450410429	 0.09052228079472233	 0.3822242805198137	 0.11043874988374373	 -3.40398942142249	 -0.6304287994081251	1.002058882766141	 1.0050428032238383
92	 1418	Neutral	4.356988588879311	 68.52241993596303	 0.08599744151981385	 0.39287151761912203	 0.1107255554792402	 -2.803118197191269	 -0.4826661174686039	1.0055467864372758	 1.0079618906837076
96	 1856	Neutral	8.108839747459777	 132.31542403617183	 0.1486670188999382	 0.605160226481172	 0.16996338732797675	 -3.0861258779690433	 -0.8433587097992051	1.0007102127963228	 1.0015455200667676
94	 1567	Neutral	2.9669670345769736	 39.635581028274466	 0.07648944372874908	 0.3633912890415582	 0.10814882485869896	 -3.37491575163024	 -1.2191334654059094	1.0017537654423483	 1.0158742948852464
97	 1911	Neutral	2.8730274930298045	 40.067767301989015	 0.06007722274883438	 0.3676072552700805	 0.10182769015803012	 -3.35711884152109	 -1.2649236415754836	1.0020949949030262	 1.0060051572385644
100	 2624	Neutral	2.2558920825342597	 38.20026995557345	 0.05294053811959829	 0.36681443764476473	 0.10261446905526447	 -3.3186773182339553	 -0.784553753165304	1.0013799402072665	 1.0025631609513175
99	 2509	Neutral	2.862750995024064	 39.260175778662195	 0.033073157711728335	 0.37487454193724473	 0.11114517193835934	 -3.3239078164712272	 -1.1891720280641607	1.002627012002384	 1.0013210309620948
72	 94	Neutral	2.354956535093985	 38.738811614399495	 0.047361428295768816	 0.3707532323140852	 0.09963434933461365	 -3.399364186096145	 -0.7399043317152137	1.001345073214395	 1.0369452425376358
108	 3716	Neutral	5.302400802269724	 80.14918853886248	 0.12430734118054655	 0.45671920153509654	 0.12699615309171275	 -2.7374850567534343	 -1.2402286660646116	1.002618495496915	 1.0007163919969677
101	 2946	Neutral	2.8849205518471024	 39.51463268535446	 0.019837469938391042	 0.37227824995682623	 0.10156646081553646	 -3.3677335460917854	 -1.060243629756591	1.0026868362200014	 1.0026069275123792
106	 3615	Neutral	3.5748658573846526	 53.45884765202394	 0.088519137788921	 0.4178064620765897	 0.12268664187337583	 -2.9032759600862343	 -0.8834172883573895	1.0019341775866053	 1.003587529070394
102	 3002	Neutral	2.9136440464912	 39.14699913737224	 0.04534575145148223	 0.35924122853931484	 0.10958586331508041	 -3.333669055271487	 -0.5941364148155998	1.002704179582353	 1.0030280764863488
105	 3403	Neutral	2.9784497893273563	 41.51810913011456	 0.05301143258116209	 0.3864032773253898	 0.10677823058011238	 -3.4034743429581806	 -1.1705131026762465	1.0013540966644952	 1.0011512633578445
107	 3619	Neutral	6.953253698674465	 115.26727971956096	 0.15626910625215382	 0.579920406868637	 0.162233000380785	 -2.9589487855707413	 -1.1625006850734145	1.0036929417622338	 1.0017851694592643
98	 2390	Neutral	2.9921314056569837	 40.980143192285595	 0.09622909377649201	 0.42205665811592263	 0.12924058681125766	 -3.3943309804824455	 -1.3031740903899465	1.0018543867716396	 1.0092833762096722
103	 3036	Neutral	2.6739506318443165	 40.514422097170176	 0.054127759844068236	 0.3862014037009696	 0.11551394328032441	 -3.4137864058347294	 -0.9618193215995064	1.0017448265138729	 1.0081245264395635
111	 4570	Neutral	7.867231811209744	 133.1684219288872	 0.13464745728626953	 0.5673273850515199	 0.15997558594539524	 -3.1568707690120252	 -0.6889639321007304	1.000646670233783	 1.0017382193364102
112	 4585	Neutral	2.8388071977087317	 38.51025677972015	 0.07991540622746438	 0.3635422571901906	 0.11137117055721446	 -3.3835224756511684	 -0.7765978490358039	1.000625222875967	 1.0031121978715936
113	 4976	Neutral	2.748513850921547	 40.470708433067486	 0.05346279923009761	 0.38572535156701404	 0.1161820434892892	 -3.3057745271719923	 -0.7955019309310074	0.999916729229431	 1.00345975682138
95	 1774	Neutral	2.694977578341731	 38.26173957424643	 0.05444853321541508	 0.3792758502214697	 0.10906270000333126	 -3.335549639792172	 -1.1073260013799266	1.003044922944654	 1.0049132049719338
104	 3148	Neutral	2.9918234256007477	 40.13554199596408	 0.07408630284170553	 0.38966622707215265	 0.11681389527275149	 -3.3619227617320284	 -1.2804053644552953	1.0046732917335015	 1.002727014255922
109	 4117	Neutral	2.5385652045742604	 39.52734077020345	 0.08255337872269779	 0.36809849026696456	 0.10372940764505956	 -3.3365618188144923	 -0.9428531635419446	1.001789150537394	 1.0013924655101325
115	 5383	Neutral	2.822363806931417	 39.53665472448089	 0.08573911480886702	 0.39508669593762175	 0.11378156463623632	 -3.389124487375528	 -0.9895996619472069	1.0002360347790276	 1.0026650699742765
121	 6073	Neutral	2.767543025813479	 39.30691469582112	 0.08503859407776228	 0.38488764942295955	 0.12051097008269646	 -3.361070237792136	 -0.9011951541992509	1.0003672253695433	 1.0018376494188947
122	 6442	Neutral	8.934116792140221	 183.81959554392134	 0.16589581650070293	 0.7531819534211746	 0.18231137561318508	 -3.3200819531565027	 -0.8495484105787211	1.001012308632432	 1.0011499680234226
117	 5613	Neutral	2.790037561378879	 39.57986535565127	 0.04340201510047932	 0.37932923455572043	 0.10481265837926576	 -3.3676441934651105	 -0.5800740431748083	1.0003064793447056	 1.0118090375996693
118	 5883	Neutral	2.387786592444753	 38.598613543386506	 0.06339510511270267	 0.35069122891924487	 0.08932519834689506	 -3.4336453605326116	 -0.5662032218087617	1.000094790359651	 1.006053573064848
120	 5967	Neutral	2.5819496758226634	 39.07577359946397	 0.07580338076989003	 0.3914737036986693	 0.11366054998804773	 -3.361927819828198	 -1.120582683122268	0.9998083603034141	 0.9998387556961444
119	 5948	Neutral	2.9222567523063194	 40.016783539697435	 0.061142058210041046	 0.4245629151128349	 0.1290297712888067	 -3.419221523464195	 -1.2455265302095715	1.001444138629086	 1.0047106264599646
124	 6631	Neutral	5.845046323580123	 99.58104770032404	 0.10255203050096952	 0.4744844840640208	 0.13027838688068327	 -2.9563390698247662	 -0.4328615165454611	1.0005569001915966	 1.0019557430615178
125	 6642	Neutral	6.3981154714489055	 116.05010048995554	 0.1297834044264905	 0.5624278692791932	 0.1563735493577281	 -3.0185784587997566	 -0.8417312001926385	1.000196883985851	 1.0033169502907406
126	 6691	Neutral	2.661966142762061	 40.06663755222449	 0.08294026728574408	 0.3877613841005252	 0.11310379547579609	 -3.3042200735101384	 -1.2924623059232911	1.0002761745731787	 1.0000726077373023
110	 4457	Neutral	5.150581548353776	 82.35236874027648	 0.12032579585284194	 0.43247310856170534	 0.12288304638486043	 -2.8272037449102876	 -0.7391717590394077	1.001334562982476	 1.0016734396964455
131	 6993	Neutral	2.568305091886401	 38.56366592785465	 0.08300837663171087	 0.39785803297279965	 0.11761225658931697	 -3.3294677924752367	 -0.9535175715152783	1.0022225265257705	 1.001512563338801
130	 6971	Neutral	5.674665911022478	 82.88462771745509	 0.11393989712327672	 0.46274300060294743	 0.12976118817969595	 -2.8155280987112743	 -0.7484540391507543	1.0001963163703917	 1.003286205959507
135	 7867	Neutral	2.343892123805592	 38.42952970554738	 0.07078927435062425	 0.38149901471733383	 0.10996791701553416	 -3.3007996738046073	 -0.7589316557349555	1.0017967846846731	 1.0023939483648223
132	 7209	Neutral	3.4899158443196345	 53.80307441601239	 0.09428950680357473	 0.37739265862482907	 0.10416428064165152	 -2.988472498997602	 -0.4644467645152768	1.0021568934269576	 1.0034368246682634
129	 6871	Neutral	2.625872946755757	 40.284887579376594	 0.042703006006813884	 0.3842193370162739	 0.1111570168142061	 -3.436707891894716	 -0.8558556416984269	1.0027541714023065	 1.0010861971279001
134	 7858	Neutral	3.5387785653538426	 53.676705671913886	 0.09310276294083977	 0.38090662831558986	 0.11268424915202135	 -2.9285093008747047	 -0.724674519828148	1.0013555800311869	 1.001648435873937
116	 5605	Neutral	2.9215886373599864	 41.64468898000004	 0.058877051213198216	 0.3868296866239343	 0.12958646090449064	 -3.299269647486313	 -1.2314485077832709	1.00069725729264	 1.0014808320511492
128	 6810	Neutral	5.617441929085207	 83.71766190927505	 0.13935203702994503	 0.5014682111492244	 0.14090134080608968	 -2.8047179901324473	 -0.6674662962660713	1.0036255611147247	 1.0008770132034317
114	 5082	Neutral	3.0683095437273633	 39.89093283877043	 0.09420332578644926	 0.3809224959414429	 0.10398420839281375	 -3.371582861712616	 -1.1400269696412986	1.0013112309484546	 1.0078661503033588
139	 8338	Neutral	2.7326397770612836	 40.16361167477764	 0.06156042851323604	 0.39293569807660794	 0.11347749029056445	 -3.31391868894804	 -1.1844677369529946	1.0042062563881922	 1.0028903479897346
138	 8257	Neutral	5.178074266556714	 81.61865975547207	 0.15085270992693386	 0.47459275284132985	 0.13727695606131965	 -2.7392818949959046	 -1.0975076606638592	1.0009321867745722	 1.0014026645164398
123	 6464	Neutral	2.7878218995120156	 40.00343800757617	 0.05951908938748845	 0.40364244882861633	 0.123604534952429	 -3.3705745081338314	 -1.1279623004012054	1.0013429808853451	 1.0084312210880266
137	 8123	Neutral	2.455583422760003	 39.95515261531628	 0.04799483912263381	 0.3748647524939293	 0.09772374078143037	 -3.3232636476471504	 -0.8536903695925278	1.0013538154792385	 1.0055282093662488
127	 6715	Neutral	2.971559045501835	 38.908637929880385	 0.04981110428241083	 0.3655493498801451	 0.1032833706396952	 -3.406923015785552	 -0.9656495050606649	1.0024292726248412	 1.001462191301582
140	 8412	Neutral	2.649668037364513	 39.204310791197145	 0.06061770157999605	 0.3887044508336046	 0.10511639459366842	 -3.402399223873586	 -0.9342480484742179	1.001452060491845	 1.005730268610444
136	 7955	Neutral	5.744098407274273	 82.20029858957002	 0.15944727233090059	 0.4747749356548651	 0.13433937745056068	 -2.730200805758117	 -1.2084679003978072	1.0004472072826414	 0.9997698275737497
145	 9284	Neutral	2.626169133772866	 40.79026048482495	 0.06564213607997268	 0.40625310469231113	 0.12397319852553733	 -3.3541937668710644	 -1.113296569206217	1.0004184132392149	 1.0034229155880527
143	 9155	Neutral	3.0611725698774017	 39.85612138059195	 0.054523655647021704	 0.3709012623135349	 0.10641926134522023	 -3.4061076589266492	 -1.1924254970638777	1.0006023452742079	 1.0000580531180552
144	 9240	Neutral	3.8436006365784308	 54.28360504536415	 0.08792579081246805	 0.3937918568468197	 0.116363892745764	 -2.884264243041112	 -1.1711892129833148	1.0010328272282283	 1.0034522088383726
147	 9581	Neutral	2.831484913463678	 39.728388163444265	 0.06334093071402502	 0.3724809480120091	 0.10926074119751829	 -3.3719940661635737	 -0.94352320257579	1.0031634888138543	 1.0003309068417974
142	 8871	Neutral	2.987926050258781	 38.166313329622554	 0.06500099632913833	 0.3674475320649222	 0.11179692987347725	 -3.357363942773127	 -1.1503955173767213	1.0058871448568634	 1.0024422840776
152	 0	Neutral	26.363314681935837	 1112.7067441390682	 0.10189907752456313	 0.6511403729059609	 0.050764890770379704	 -5.297602786136121	 -0.0016188305897967637	0.9999071392313166	 0.9997980073198945
150	 9741	Neutral	6.437590203030673	 115.05673491929932	 0.14739091624221506	 0.5168330750472444	 0.13927774847059046	 -3.015323810866071	 -0.5756596074669875	1.0001833051533728	 1.0004973312283605
148	 9651	Neutral	2.9687371824322715	 40.12420758734533	 0.0561177119517858	 0.3807832118094515	 0.11677403740801624	 -3.388716661686501	 -0.9842910880626338	1.0007187193501133	 1.0035578236859544
151	 9828	Neutral	9.481422947580157	 189.73246510601626	 0.14482869754769792	 0.7137059088486783	 0.16671643786020834	 -3.4323892977556465	 -0.3693538942370661	1.0000087910780762	 1.0000152270222558
153	 16	Neutral	34.64863700041554	 1813.3479499392618	 0.1017221142779976	 0.7305235173440775	 0.038443985326488586	 -5.802673110515569	 -1.4625287044751153e-05	1.0003158291525498	 1.0005072169000553
133	 7579	Neutral	3.7782319286284576	 54.199601502263356	 0.10811811400664659	 0.41105612084747345	 0.12949868640441273	 -2.83684720976024	 -1.141978421248376	1.0042553569072394	 1.0005237854128304
149	 9732	Neutral	2.631206091130888	 38.66466071549816	 0.0790238283993537	 0.3680140319818362	 0.11305093987925921	 -3.358222482665391	 -0.8318459170720129	1.0008823234540645	 1.002407048021712
146	 9575	Neutral	6.405287772120466	 100.1748481536719	 0.125934776692566	 0.4974802767518553	 0.14544259782536936	 -2.8865544170950583	 -0.7612736451944077	1.0003901149663093	 1.0010553767358938
157	 56	Neutral	17.07152767907677	 502.6946427462705	 0.11313324011005582	 0.5823880374973482	 0.0861086846396298	 -4.5097273787413865	 -0.01027268818447321	0.9996886420694994	 0.9997151249767283
156	 46	Neutral	12.444692919738	 264.2211422639688	 0.10770718783940506	 0.37500967999453105	 0.06192819237976044	 -4.117746330147267	 -0.02423831903958034	1.0013997969460509	 1.002254706502249
160	 68	Neutral	13.62358213378273	 340.98522347937285	 0.1080082559770831	 0.40940643410004873	 0.06593918592740501	 -4.328379035261621	 -0.0016174851866503405	1.0004416633621978	 1.0015722168268812
161	 73	Neutral	13.079780371602977	 327.9735167308553	 0.11477237393642528	 0.8678776015491015	 0.1577944140677133	 -3.903529133002621	 -0.24136238242908323	0.9999512571297586	 1.0000885511224533
158	 65	Neutral	15.888437774840693	 412.88919738141266	 0.10035756442681894	 0.34715236738124405	 0.046688734874174305	 -4.5360913559769624	 -0.007704901009639366	1.0030308932500875	 1.0032732154364077
162	 124	Neutral	9.7161128282507	 198.0754204140713	 0.10419656913908303	 0.4682359514650532	 0.10663785236632366	 -3.6969687638757858	 -0.1844898172759997	0.9999101406579194	 1.0026286819100831
166	 158	Neutral	20.43900024670637	 639.5340120011066	 0.10791486743335713	 0.6999556079476206	 0.08299933726452419	 -4.687219721734275	 -0.002851540800904093	1.0001018298962063	 1.0001682006688832
167	 159	Neutral	29.672080161537924	 1340.1403747295494	 0.10830569253631804	 0.5919862268500176	 0.04069632865129466	 -5.509462100199381	 -8.6362167989841e-06	0.9997308925588984	 0.9996857964472187
164	 140	Neutral	50.129480995015555	 2416.6560099769454	 0.12037650353357425	 0.31042639074928347	 0.0187067566638809	 -6.178516202338922	 -2.945421684330974e-13	1.000733180447289	 0.9998309551333829
155	 42	Neutral	4.377821035014523	 68.31599508691762	 0.11332658464203654	 0.4194323039412064	 0.11670805618311669	 -2.8552810038985506	 -0.7432097171645661	1.0017513118387442	 1.0061425627434046
159	 67	Neutral	6.146990081282852	 101.9411672531562	 0.11593876771314617	 0.46125137361480245	 0.12844060844316219	 -3.0283132558819554	 -0.6108796726277737	1.001272517485185	 1.001572760637833
154	 26	Neutral	9.611269969590444	 213.96412607189487	 0.09955470240421041	 0.46035964979367855	 0.091045264489455	 -3.8176881885871934	 -0.14322145566305258	1.0024478337307066	 1.004103012139428
163	 127	Neutral	28.179468034094953	 1026.8499169057063	 0.10839493097651474	 0.29778204256078045	 0.0273350518987702	 -5.369387013253319	 -1.4288198670474597e-05	1.0001373747735898	 1.0009099522420435
165	 146	Neutral	47.005104405353556	 2516.603293084637	 0.13237937340789233	 0.38320832332385296	 0.02150218755489964	 -6.19096403739583	 -6.550315845288445e-15	1.000288558422419	 1.0004066822861404
169	 170	Neutral	33.45714762829249	 1724.3559224549451	 0.10348802550377639	 0.7355312883673063	 0.03824363253729699	 -5.759405276810481	 -2.515210802526435e-06	1.0010745502972536	 1.0001292452703827
170	 172	Neutral	30.19773430134891	 1206.964190776893	 0.10864366326155299	 0.6476610567898159	 0.04713902068971215	 -5.383187476689313	 -0.00010967316700303127	1.0026050006310048	 1.0020813430362077
141	 8856	Neutral	2.8239986175676486	 39.77627477343449	 0.08213217971966956	 0.37908013615967273	 0.11561843965967318	 -3.3013574054309633	 -1.021525299775016	1.0022901910482847	 1.0002535703187576
172	 183	Neutral	25.02558518520853	 1114.3187974822763	 0.08674042097027372	 0.8977190409326234	 0.06764371641865101	 -5.236068738392879	 -0.002660982974497302	1.0006140997468307	 1.0015702278284073
168	 164	Neutral	11.04962266297207	 240.99728021929224	 0.10945517250937638	 0.408337465193122	 0.07299346169623772	 -3.9850031815206655	 -0.07666143061412123	1.0003647845366606	 1.000430003951984
171	 175	Neutral	14.050521160755297	 310.4335239417601	 0.09304254272203863	 0.3358581442228365	 0.053655710344181554	 -4.273846558658377	 -0.01892815231327723	1.0015467522277677	 1.0015587218135722
173	 449	Neutral	8.26332535143842	 165.5173523545873	 0.15822908495044938	 0.6895096883388531	 0.16848616634095534	 -3.2827485915956034	 -0.5057908401213961	0.999865185092835	 1.0002456171375766
175	 3390	Neutral	2.875414669168229	 39.41169810460174	 0.06213821870736882	 0.3930597891955228	 0.1183610159210347	 -3.3926786644286686	 -0.8507344687290488	1.0002042416457078	 1.0075465342420078
176	 6460	Neutral	2.5533000550043106	 38.345081152047065	 0.0395509226613831	 0.36971023898924726	 0.10985310029468956	 -3.39937436224963	 -0.7988435962745709	1.003293693043844	 1.0044324374822664
174	 1669	Neutral	2.6002752474362545	 40.041286749495676	 0.053675931101633254	 0.3517196015036277	 0.1044009979392775	 -3.3597517779762285	 -0.7589893513833055	1.0112591163362805	 1.0029783016253584
